date,open,high,low,close,adj close,volume
2015-01-02,288.0,291.6000061035156,249.8000030517578,272.20001220703125,272.20001220703125,14400
2015-01-05,272.20001220703125,272.79998779296875,257.0,258.79998779296875,258.79998779296875,10400
2015-01-06,259.0,264.0,248.1999969482422,259.60000610351557,259.60000610351557,8200
2015-01-07,272.60000610351557,275.0,262.39999389648443,266.20001220703125,266.20001220703125,10300
2015-01-08,276.0,279.60000610351557,265.60000610351557,275.79998779296875,275.79998779296875,6100
2015-01-09,279.20001220703125,279.20001220703125,263.0,265.60000610351557,265.60000610351557,5200
2015-01-12,264.20001220703125,275.60000610351557,263.0,264.39999389648443,264.39999389648443,6900
2015-01-13,265.0,274.39999389648443,259.39999389648443,267.0,267.0,24100
2015-01-14,264.60000610351557,266.60000610351557,208.8000030517578,209.8000030517578,209.8000030517578,69000
2015-01-15,212.0,217.0,193.3999938964844,205.1999969482422,205.1999969482422,36000
2015-01-16,207.1999969482422,222.3999938964844,207.1999969482422,215.1999969482422,215.1999969482422,13600
2015-01-20,215.0,226.0,209.0,226.0,226.0,14000
2015-01-21,227.1999969482422,235.1999969482422,222.0,228.0,228.0,14400
2015-01-22,232.6000061035156,232.6000061035156,224.0,231.1999969482422,231.1999969482422,15100
2015-01-23,227.8000030517578,242.0,227.8000030517578,231.1999969482422,231.1999969482422,6500
2015-01-26,231.1999969482422,236.1999969482422,227.8000030517578,233.3999938964844,233.3999938964844,3500
2015-01-27,227.6000061035156,237.0,224.6000061035156,227.6000061035156,227.6000061035156,6000
2015-01-28,236.0,261.20001220703125,232.8000030517578,258.60000610351557,258.60000610351557,20100
2015-01-29,257.0,258.0,233.1999969482422,245.8000030517578,245.8000030517578,10300
2015-01-30,245.3999938964844,257.0,243.0,248.8000030517578,248.8000030517578,8300
2015-02-02,248.0,262.0,248.0,259.60000610351557,259.60000610351557,7300
2015-02-03,263.60000610351557,269.39999389648443,261.39999389648443,265.60000610351557,265.60000610351557,9800
2015-02-04,266.0,271.79998779296875,265.20001220703125,270.0,270.0,5200
2015-02-05,270.0,271.79998779296875,264.79998779296875,265.0,265.0,4500
2015-02-06,263.39999389648443,281.6000061035156,263.0,268.0,268.0,20000
2015-02-09,268.20001220703125,269.0,174.39999389648438,199.0,199.0,180200
2015-02-10,173.1999969482422,197.8000030517578,148.1999969482422,170.0,170.0,167900
2015-02-11,168.60000610351562,178.8000030517578,155.1999969482422,174.8000030517578,174.8000030517578,60100
2015-02-12,180.0,189.6000061035156,173.1999969482422,185.1999969482422,185.1999969482422,26200
2015-02-13,187.3999938964844,187.3999938964844,176.60000610351562,176.8000030517578,176.8000030517578,16600
2015-02-17,175.1999969482422,185.8000030517578,170.0,173.8000030517578,173.8000030517578,32600
2015-02-18,181.3999938964844,181.3999938964844,170.0,178.0,178.0,16900
2015-02-19,175.8000030517578,182.1999969482422,173.0,178.0,178.0,9400
2015-02-20,177.39999389648438,181.3999938964844,175.39999389648438,179.0,179.0,15100
2015-02-23,181.0,181.8000030517578,172.0,177.0,177.0,12700
2015-02-24,175.39999389648438,177.8000030517578,172.0,177.0,177.0,9000
2015-02-25,176.0,184.1999969482422,174.60000610351562,182.6000061035156,182.6000061035156,7100
2015-02-26,183.0,187.8000030517578,176.60000610351562,179.60000610351562,179.60000610351562,10900
2015-02-27,180.0,212.0,180.0,207.1999969482422,207.1999969482422,44100
2015-03-02,222.0,228.0,196.0,203.1999969482422,203.1999969482422,58400
2015-03-03,203.1999969482422,214.0,193.1999969482422,207.8000030517578,207.8000030517578,26700
2015-03-04,204.8000030517578,213.6000061035156,202.3999938964844,209.3999938964844,209.3999938964844,11000
2015-03-05,213.3999938964844,229.3999938964844,208.3999938964844,224.0,224.0,22600
2015-03-06,220.8000030517578,223.6000061035156,204.6000061035156,205.6000061035156,205.6000061035156,17300
2015-03-09,205.0,209.1999969482422,202.6000061035156,206.1999969482422,206.1999969482422,7900
2015-03-10,200.0,215.1999969482422,198.8000030517578,202.8000030517578,202.8000030517578,16300
2015-03-11,205.6000061035156,208.6000061035156,203.0,206.8000030517578,206.8000030517578,10700
2015-03-12,207.8000030517578,209.0,196.8000030517578,199.3999938964844,199.3999938964844,7500
2015-03-13,199.1999969482422,209.0,198.6000061035156,205.0,205.0,9900
2015-03-16,205.0,208.6000061035156,201.0,203.0,203.0,7900
2015-03-17,200.8000030517578,207.6000061035156,198.3999938964844,206.6000061035156,206.6000061035156,6000
2015-03-18,206.8000030517578,206.8000030517578,195.6000061035156,202.0,202.0,8000
2015-03-19,202.0,204.1999969482422,192.1999969482422,196.1999969482422,196.1999969482422,7600
2015-03-20,198.8000030517578,199.3999938964844,190.0,193.1999969482422,193.1999969482422,9200
2015-03-23,195.1999969482422,199.0,191.3999938964844,192.1999969482422,192.1999969482422,7400
2015-03-24,192.1999969482422,199.3999938964844,192.1999969482422,194.8000030517578,194.8000030517578,5700
2015-03-25,194.8000030517578,194.8000030517578,186.1999969482422,187.0,187.0,9900
2015-03-26,187.0,187.8000030517578,178.0,178.8000030517578,178.8000030517578,9500
2015-03-27,178.8000030517578,188.1999969482422,178.8000030517578,182.8000030517578,182.8000030517578,7900
2015-03-30,182.8000030517578,187.0,182.1999969482422,182.8000030517578,182.8000030517578,4900
2015-03-31,183.3999938964844,185.3999938964844,178.1999969482422,179.1999969482422,179.1999969482422,6800
2015-04-01,181.3999938964844,182.6000061035156,174.1999969482422,174.8000030517578,174.8000030517578,14000
2015-04-02,176.0,183.0,176.0,182.0,182.0,11700
2015-04-06,182.6000061035156,188.1999969482422,181.0,182.0,182.0,10000
2015-04-07,186.1999969482422,188.3999938964844,182.3999938964844,185.0,185.0,10500
2015-04-08,186.0,186.0,181.0,182.3999938964844,182.3999938964844,8300
2015-04-09,182.3999938964844,186.0,178.8000030517578,179.1999969482422,179.1999969482422,14500
2015-04-10,179.8000030517578,183.1999969482422,179.0,180.1999969482422,180.1999969482422,11800
2015-04-13,184.0,184.0,177.0,182.1999969482422,182.1999969482422,16500
2015-04-14,182.0,183.6000061035156,181.1999969482422,182.8000030517578,182.8000030517578,7000
2015-04-15,181.6000061035156,183.1999969482422,180.1999969482422,181.8000030517578,181.8000030517578,3900
2015-04-16,181.1999969482422,181.3999938964844,177.39999389648438,178.1999969482422,178.1999969482422,7100
2015-04-17,177.60000610351562,177.60000610351562,171.1999969482422,174.39999389648438,174.39999389648438,5700
2015-04-20,175.1999969482422,176.39999389648438,172.1999969482422,172.1999969482422,172.1999969482422,4700
2015-04-21,172.39999389648438,180.0,172.0,176.39999389648438,176.39999389648438,9400
2015-04-22,178.0,179.8000030517578,173.8000030517578,176.1999969482422,176.1999969482422,9600
2015-04-23,178.39999389648438,182.1999969482422,178.0,179.60000610351562,179.60000610351562,7800
2015-04-24,181.3999938964844,181.6000061035156,178.1999969482422,179.0,179.0,3900
2015-04-27,181.1999969482422,182.3999938964844,177.60000610351562,178.39999389648438,178.39999389648438,7600
2015-04-28,177.8000030517578,182.0,172.39999389648438,174.60000610351562,174.60000610351562,4800
2015-04-29,174.60000610351562,180.6000061035156,172.8000030517578,177.60000610351562,177.60000610351562,4900
2015-04-30,179.1999969482422,180.0,173.1999969482422,173.39999389648438,173.39999389648438,6100
2015-05-01,180.0,180.8000030517578,177.8000030517578,179.1999969482422,179.1999969482422,10200
2015-05-04,181.6000061035156,188.3999938964844,179.1999969482422,186.0,186.0,24500
2015-05-05,187.0,202.1999969482422,187.0,200.6000061035156,200.6000061035156,25800
2015-05-06,202.0,202.0,194.0,199.8000030517578,199.8000030517578,8200
2015-05-07,199.1999969482422,202.8000030517578,196.0,200.8000030517578,200.8000030517578,7900
2015-05-08,202.3999938964844,202.3999938964844,198.1999969482422,200.0,200.0,5300
2015-05-11,211.6000061035156,211.6000061035156,189.6000061035156,192.6000061035156,192.6000061035156,9100
2015-05-12,191.8000030517578,192.0,186.0,190.8000030517578,190.8000030517578,6200
2015-05-13,192.6000061035156,201.0,191.0,199.1999969482422,199.1999969482422,10600
2015-05-14,203.0,203.0,198.0,200.8000030517578,200.8000030517578,9100
2015-05-15,201.6000061035156,209.1999969482422,199.3999938964844,209.1999969482422,209.1999969482422,18800
2015-05-18,211.8000030517578,211.8000030517578,204.1999969482422,210.6000061035156,210.6000061035156,7300
2015-05-19,211.8000030517578,230.0,210.0,219.8000030517578,219.8000030517578,14200
2015-05-20,220.3999938964844,229.3999938964844,220.0,224.0,224.0,15600
2015-05-21,230.0,230.0,221.6000061035156,224.0,224.0,12800
2015-05-22,224.0,224.0,208.6000061035156,211.0,211.0,21600
2015-05-26,209.8000030517578,210.0,201.8000030517578,203.6000061035156,203.6000061035156,8900
2015-05-27,205.0,210.6000061035156,203.8000030517578,207.0,207.0,6200
2015-05-28,208.1999969482422,208.1999969482422,194.6000061035156,198.0,198.0,20100
2015-05-29,198.0,198.0,188.0,189.0,189.0,14300
2015-06-01,189.3999938964844,197.8000030517578,189.0,197.1999969482422,197.1999969482422,9200
2015-06-02,196.0,207.6000061035156,196.0,201.3999938964844,201.3999938964844,9300
2015-06-03,202.8000030517578,205.8000030517578,197.3999938964844,203.0,203.0,8000
2015-06-04,204.0,207.6000061035156,202.3999938964844,205.0,205.0,5300
2015-06-05,206.0,220.8000030517578,204.0,218.0,218.0,14500
2015-06-08,219.6000061035156,237.3999938964844,216.1999969482422,234.1999969482422,234.1999969482422,13000
2015-06-09,234.0,244.0,226.6000061035156,237.6000061035156,237.6000061035156,14100
2015-06-10,243.6000061035156,248.6000061035156,238.0,240.0,240.0,15900
2015-06-11,248.0,248.0,238.3999938964844,243.8000030517578,243.8000030517578,7800
2015-06-12,251.1999969482422,251.1999969482422,222.8000030517578,227.3999938964844,227.3999938964844,19700
2015-06-15,225.8000030517578,227.3999938964844,211.0,213.1999969482422,213.1999969482422,10700
2015-06-16,214.0,239.8000030517578,214.0,230.8000030517578,230.8000030517578,12900
2015-06-17,230.6000061035156,232.0,213.0,226.3999938964844,226.3999938964844,9200
2015-06-18,230.0,237.3999938964844,228.3999938964844,231.3999938964844,231.3999938964844,8900
2015-06-19,230.6000061035156,232.3999938964844,224.6000061035156,229.8000030517578,229.8000030517578,6800
2015-06-22,230.6000061035156,231.8000030517578,223.0,223.8000030517578,223.8000030517578,5900
2015-06-23,223.3999938964844,226.1999969482422,221.1999969482422,222.0,222.0,7100
2015-06-24,221.1999969482422,226.8000030517578,221.1999969482422,224.3999938964844,224.3999938964844,3900
2015-06-25,225.3999938964844,237.6000061035156,225.3999938964844,236.8000030517578,236.8000030517578,8600
2015-06-26,238.0,240.0,236.0,240.0,240.0,7300
2015-06-29,235.8000030517578,237.0,221.1999969482422,223.3999938964844,223.3999938964844,9200
2015-06-30,227.0,231.0,227.0,229.8000030517578,229.8000030517578,2700
2015-07-01,231.6000061035156,235.1999969482422,231.6000061035156,232.8000030517578,232.8000030517578,2700
2015-07-02,233.0,239.8000030517578,232.0,235.0,235.0,3100
2015-07-06,237.0,239.1999969482422,232.1999969482422,237.6000061035156,237.6000061035156,4600
2015-07-07,240.6000061035156,240.6000061035156,224.8000030517578,229.3999938964844,229.3999938964844,6000
2015-07-08,231.1999969482422,233.1999969482422,223.3999938964844,230.6000061035156,230.6000061035156,5300
2015-07-09,233.0,233.8000030517578,226.0,226.0,226.0,2900
2015-07-10,233.1999969482422,233.1999969482422,225.3999938964844,226.6000061035156,226.6000061035156,2200
2015-07-13,231.0,231.0,225.6000061035156,227.8000030517578,227.8000030517578,2100
2015-07-14,229.8000030517578,236.0,228.8000030517578,235.0,235.0,6200
2015-07-15,235.0,240.0,218.6000061035156,227.6000061035156,227.6000061035156,13200
2015-07-16,254.6000061035156,272.60000610351557,245.1999969482422,272.20001220703125,272.20001220703125,70600
2015-07-17,278.0,291.20001220703125,270.60000610351557,276.39999389648443,276.39999389648443,33500
2015-07-20,282.0,290.79998779296875,278.20001220703125,283.0,283.0,19200
2015-07-21,281.6000061035156,286.0,256.0,259.79998779296875,259.79998779296875,21400
2015-07-22,256.39999389648443,270.0,255.1999969482422,259.60000610351557,259.60000610351557,13500
2015-07-23,260.0,271.0,260.0,261.39999389648443,261.39999389648443,18400
2015-07-24,261.0,270.20001220703125,245.0,245.1999969482422,245.1999969482422,9000
2015-07-27,243.3999938964844,260.0,243.3999938964844,246.3999938964844,246.3999938964844,11700
2015-07-28,246.6000061035156,260.20001220703125,246.6000061035156,253.0,253.0,11000
2015-07-29,253.3999938964844,266.0,253.3999938964844,257.79998779296875,257.79998779296875,22100
2015-07-30,254.6000061035156,257.0,228.0,236.3999938964844,236.3999938964844,39200
2015-07-31,232.8000030517578,248.0,228.0,245.1999969482422,245.1999969482422,8700
2015-08-03,244.1999969482422,246.1999969482422,172.1999969482422,180.1999969482422,180.1999969482422,98500
2015-08-04,165.60000610351562,213.0,165.0,201.1999969482422,201.1999969482422,50100
2015-08-05,201.1999969482422,210.1999969482422,201.1999969482422,205.8000030517578,205.8000030517578,17000
2015-08-06,207.0,207.8000030517578,185.1999969482422,191.3999938964844,191.3999938964844,13700
2015-08-07,190.8000030517578,196.8000030517578,186.8000030517578,191.1999969482422,191.1999969482422,12200
2015-08-10,191.1999969482422,194.8000030517578,184.0,188.8000030517578,188.8000030517578,9800
2015-08-11,187.0,204.8000030517578,186.0,197.6000061035156,197.6000061035156,11100
2015-08-12,194.1999969482422,194.1999969482422,187.0,191.1999969482422,191.1999969482422,9000
2015-08-13,192.0,194.3999938964844,176.39999389648438,176.39999389648438,176.39999389648438,17300
2015-08-14,175.0,177.60000610351562,154.0,156.0,156.0,39800
2015-08-17,155.8000030517578,160.0,148.60000610351562,151.1999969482422,151.1999969482422,19700
2015-08-18,143.39999389648438,144.39999389648438,103.4000015258789,104.4000015258789,104.4000015258789,163300
2015-08-19,108.0,108.0,91.1999969482422,93.0,93.0,79200
2015-08-20,73.19999694824219,73.80000305175781,50.20000076293945,56.79999923706055,56.79999923706055,269500
2015-08-21,62.599998474121094,65.0,54.4000015258789,62.20000076293945,62.20000076293945,110400
2015-08-24,58.79999923706055,84.5999984741211,58.0,75.0,75.0,188800
2015-08-25,81.4000015258789,82.19999694824219,69.59999847412111,71.4000015258789,71.4000015258789,56700
2015-08-26,73.0,74.4000015258789,60.79999923706055,68.0,68.0,43400
2015-08-27,68.0,70.19999694824219,65.19999694824219,68.19999694824219,68.19999694824219,23600
2015-08-28,70.5999984741211,81.4000015258789,68.19999694824219,80.19999694824219,80.19999694824219,79000
2015-08-31,81.0,83.4000015258789,77.19999694824219,79.5999984741211,79.5999984741211,25400
2015-09-01,76.19999694824219,80.4000015258789,76.0,79.80000305175781,79.80000305175781,18000
2015-09-02,80.80000305175781,89.0,80.5999984741211,87.4000015258789,87.4000015258789,39300
2015-09-03,87.0,87.5999984741211,78.0,81.80000305175781,81.80000305175781,22800
2015-09-04,81.4000015258789,82.5999984741211,78.19999694824219,79.19999694824219,79.19999694824219,11300
2015-09-08,78.80000305175781,81.80000305175781,76.4000015258789,78.19999694824219,78.19999694824219,12200
2015-09-09,81.5999984741211,86.19999694824219,78.0,83.0,83.0,19000
2015-09-10,82.0,82.5999984741211,79.19999694824219,82.0,82.0,18200
2015-09-11,80.4000015258789,82.4000015258789,79.80000305175781,80.4000015258789,80.4000015258789,13400
2015-09-14,79.4000015258789,80.19999694824219,77.19999694824219,78.5999984741211,78.5999984741211,9100
2015-09-15,77.0,82.4000015258789,76.80000305175781,80.4000015258789,80.4000015258789,9600
2015-09-16,79.80000305175781,82.0,79.0,79.4000015258789,79.4000015258789,7600
2015-09-17,82.19999694824219,91.0,82.19999694824219,85.80000305175781,85.80000305175781,26900
2015-09-18,85.80000305175781,86.80000305175781,83.0,83.5999984741211,83.5999984741211,12700
2015-09-21,83.0,89.80000305175781,83.0,83.80000305175781,83.80000305175781,13200
2015-09-22,84.4000015258789,85.5999984741211,82.19999694824219,85.19999694824219,85.19999694824219,10000
2015-09-23,85.19999694824219,85.19999694824219,80.4000015258789,81.80000305175781,81.80000305175781,9600
2015-09-24,80.4000015258789,96.0,79.0,95.4000015258789,95.4000015258789,37400
2015-09-25,99.0,125.0,96.0,110.1999969482422,110.1999969482422,121600
2015-09-28,107.5999984741211,108.8000030517578,100.0,103.0,103.0,22600
2015-09-29,103.0,110.8000030517578,97.4000015258789,110.0,110.0,18200
2015-09-30,110.4000015258789,113.1999969482422,104.5999984741211,110.4000015258789,110.4000015258789,13500
2015-10-01,111.5999984741211,116.0,107.5999984741211,108.8000030517578,108.8000030517578,9600
2015-10-02,106.5999984741211,130.19999694824222,106.5999984741211,126.1999969482422,126.1999969482422,32500
2015-10-05,127.5999984741211,147.60000610351562,124.0,132.80000305175778,132.80000305175778,54700
2015-10-06,133.19999694824222,137.39999389648438,124.0,133.19999694824222,133.19999694824222,16200
2015-10-07,134.19999694824222,134.19999694824222,120.1999969482422,121.8000030517578,121.8000030517578,17000
2015-10-08,123.4000015258789,127.0,120.8000030517578,120.8000030517578,120.8000030517578,9800
2015-10-09,119.8000030517578,122.5999984741211,114.1999969482422,117.4000015258789,117.4000015258789,12400
2015-10-12,119.0,119.0,103.1999969482422,104.4000015258789,104.4000015258789,15700
2015-10-13,110.1999969482422,119.8000030517578,106.1999969482422,106.4000015258789,106.4000015258789,17300
2015-10-14,106.0,113.0,102.4000015258789,103.0,103.0,22900
2015-10-15,104.1999969482422,108.0,103.0,105.8000030517578,105.8000030517578,11100
2015-10-16,107.0,112.8000030517578,104.1999969482422,111.5999984741211,111.5999984741211,12600
2015-10-19,112.0,119.0,111.1999969482422,118.4000015258789,118.4000015258789,12600
2015-10-20,118.5999984741211,125.1999969482422,118.0,121.1999969482422,121.1999969482422,14300
2015-10-21,122.5999984741211,123.0,112.8000030517578,115.4000015258789,115.4000015258789,11700
2015-10-22,115.8000030517578,119.4000015258789,113.0,113.1999969482422,113.1999969482422,5500
2015-10-23,115.0,116.4000015258789,108.4000015258789,111.5999984741211,111.5999984741211,8800
2015-10-26,111.5999984741211,111.5999984741211,108.4000015258789,110.0,110.0,3800
2015-10-27,109.5999984741211,109.5999984741211,105.1999969482422,106.0,106.0,4900
2015-10-28,105.1999969482422,113.0,102.0,108.4000015258789,108.4000015258789,7800
2015-10-29,108.4000015258789,113.4000015258789,108.4000015258789,113.0,113.0,4100
2015-10-30,111.8000030517578,112.4000015258789,106.1999969482422,106.4000015258789,106.4000015258789,5400
2015-11-02,107.0,118.0,107.0,114.5999984741211,114.5999984741211,10200
2015-11-03,115.4000015258789,119.8000030517578,112.8000030517578,118.0,118.0,7500
2015-11-04,116.8000030517578,122.4000015258789,113.1999969482422,114.8000030517578,114.8000030517578,6200
2015-11-05,114.8000030517578,117.0,111.8000030517578,112.5999984741211,112.5999984741211,3900
2015-11-06,112.4000015258789,115.4000015258789,106.8000030517578,108.5999984741211,108.5999984741211,16100
2015-11-09,108.5999984741211,109.5999984741211,105.5999984741211,107.8000030517578,107.8000030517578,5400
2015-11-10,107.4000015258789,109.5999984741211,87.5999984741211,102.8000030517578,102.8000030517578,31300
2015-11-11,133.0,165.60000610351562,130.19999694824222,152.1999969482422,152.1999969482422,426400
2015-11-12,153.39999389648438,154.8000030517578,142.0,145.1999969482422,145.1999969482422,47600
2015-11-13,144.1999969482422,148.8000030517578,136.0,143.39999389648438,143.39999389648438,18600
2015-11-16,144.0,156.0,140.0,151.8000030517578,151.8000030517578,33200
2015-11-17,153.0,153.1999969482422,145.0,147.0,147.0,13100
2015-11-18,146.1999969482422,151.0,145.0,150.0,150.0,10300
2015-11-19,148.8000030517578,161.0,146.39999389648438,157.8000030517578,157.8000030517578,27600
2015-11-20,159.0,169.39999389648438,156.0,162.39999389648438,162.39999389648438,42400
2015-11-23,163.60000610351562,180.0,163.1999969482422,173.8000030517578,173.8000030517578,23900
2015-11-24,173.39999389648438,199.6000061035156,172.1999969482422,198.0,198.0,47200
2015-11-25,204.8000030517578,220.0,196.8000030517578,204.0,204.0,38500
2015-11-27,205.0,212.0,195.0,208.1999969482422,208.1999969482422,14000
2015-11-30,206.8000030517578,207.1999969482422,188.1999969482422,200.3999938964844,200.3999938964844,25800
2015-12-01,200.0,200.0,191.1999969482422,197.1999969482422,197.1999969482422,8500
2015-12-02,196.1999969482422,196.3999938964844,183.8000030517578,185.0,185.0,16900
2015-12-03,183.6000061035156,183.6000061035156,170.39999389648438,170.39999389648438,170.39999389648438,23300
2015-12-04,172.1999969482422,181.1999969482422,161.1999969482422,163.1999969482422,163.1999969482422,26300
2015-12-07,163.60000610351562,167.60000610351562,156.60000610351562,157.39999389648438,157.39999389648438,13700
2015-12-08,156.60000610351562,170.0,150.1999969482422,164.60000610351562,164.60000610351562,14900
2015-12-09,170.8000030517578,180.3999938964844,160.60000610351562,165.39999389648438,165.39999389648438,22800
2015-12-10,164.60000610351562,167.60000610351562,160.8000030517578,163.39999389648438,163.39999389648438,5500
2015-12-11,160.39999389648438,161.39999389648438,153.8000030517578,158.39999389648438,158.39999389648438,10400
2015-12-14,158.39999389648438,164.8000030517578,154.0,162.60000610351562,162.60000610351562,10400
2015-12-15,164.0,167.1999969482422,160.39999389648438,161.8000030517578,161.8000030517578,7900
2015-12-16,163.8000030517578,166.0,158.60000610351562,162.60000610351562,162.60000610351562,5300
2015-12-17,159.60000610351562,166.0,157.39999389648438,161.60000610351562,161.60000610351562,12300
2015-12-18,161.60000610351562,164.39999389648438,159.0,161.39999389648438,161.39999389648438,10600
2015-12-21,159.8000030517578,169.60000610351562,156.0,166.8000030517578,166.8000030517578,24500
2015-12-22,166.8000030517578,169.39999389648438,160.1999969482422,162.39999389648438,162.39999389648438,8800
2015-12-23,163.8000030517578,194.3999938964844,163.8000030517578,181.8000030517578,181.8000030517578,31800
2015-12-24,179.1999969482422,188.3999938964844,178.60000610351562,179.39999389648438,179.39999389648438,7500
2015-12-28,176.8000030517578,188.6000061035156,170.60000610351562,175.0,175.0,18200
2015-12-29,176.39999389648438,188.0,173.1999969482422,178.39999389648438,178.39999389648438,11000
2015-12-30,178.8000030517578,186.8000030517578,172.0,176.0,176.0,19100
2015-12-31,187.8000030517578,202.0,180.3999938964844,182.1999969482422,182.1999969482422,40100
2016-01-04,180.0,188.8000030517578,172.0,186.8000030517578,186.8000030517578,27400
2016-01-05,187.8000030517578,207.0,170.0,186.8000030517578,186.8000030517578,46000
2016-01-06,180.0,186.6000061035156,171.60000610351562,178.60000610351562,178.60000610351562,40400
2016-01-07,172.60000610351562,175.60000610351562,158.39999389648438,166.0,166.0,18200
2016-01-08,166.39999389648438,173.1999969482422,160.0,161.0,161.0,8300
2016-01-11,160.0,170.39999389648438,153.60000610351562,170.39999389648438,170.39999389648438,12500
2016-01-12,170.60000610351562,173.0,164.1999969482422,171.0,171.0,5700
2016-01-13,175.39999389648438,178.8000030517578,165.60000610351562,167.39999389648438,167.39999389648438,8200
2016-01-14,167.0,173.39999389648438,146.0,167.39999389648438,167.39999389648438,17300
2016-01-15,162.60000610351562,170.1999969482422,161.1999969482422,170.0,170.0,9000
2016-01-19,171.0,173.0,162.1999969482422,163.8000030517578,163.8000030517578,9900
2016-01-20,154.39999389648438,168.60000610351562,150.1999969482422,162.60000610351562,162.60000610351562,17800
2016-01-21,162.60000610351562,166.1999969482422,154.39999389648438,163.0,163.0,5600
2016-01-22,164.39999389648438,171.0,164.39999389648438,166.0,166.0,9000
2016-01-25,198.6000061035156,229.1999969482422,192.0,215.0,215.0,136300
2016-01-26,215.0,222.3999938964844,199.1999969482422,219.0,219.0,36600
2016-01-27,223.1999969482422,226.3999938964844,201.0,207.0,207.0,17000
2016-01-28,207.3999938964844,209.6000061035156,195.0,200.1999969482422,200.1999969482422,9900
2016-01-29,199.3999938964844,210.8000030517578,195.0,203.0,203.0,17800
2016-02-01,201.0,210.0,196.0,204.6000061035156,204.6000061035156,24000
2016-02-02,201.8000030517578,219.8000030517578,199.8000030517578,213.3999938964844,213.3999938964844,22700
2016-02-03,218.1999969482422,224.1999969482422,206.8000030517578,212.3999938964844,212.3999938964844,18700
2016-02-04,212.0,220.8000030517578,206.8000030517578,206.8000030517578,206.8000030517578,22800
2016-02-05,210.0,210.6000061035156,200.0,202.6000061035156,202.6000061035156,13300
2016-02-08,198.6000061035156,198.6000061035156,172.1999969482422,191.3999938964844,191.3999938964844,28300
2016-02-09,179.8000030517578,203.6000061035156,178.1999969482422,189.8000030517578,189.8000030517578,12300
2016-02-10,190.0,195.8000030517578,185.3999938964844,193.3999938964844,193.3999938964844,6200
2016-02-11,189.8000030517578,198.8000030517578,185.1999969482422,197.0,197.0,9800
2016-02-12,196.6000061035156,208.8000030517578,196.6000061035156,205.8000030517578,205.8000030517578,13200
2016-02-16,210.0,219.1999969482422,203.1999969482422,216.1999969482422,216.1999969482422,24800
2016-02-17,218.6000061035156,218.6000061035156,206.1999969482422,212.3999938964844,212.3999938964844,15700
2016-02-18,211.0,216.0,205.0,214.6000061035156,214.6000061035156,14800
2016-02-19,213.8000030517578,226.0,209.3999938964844,216.0,216.0,31100
2016-02-22,220.3999938964844,243.8000030517578,219.8000030517578,235.0,235.0,39300
2016-02-23,236.3999938964844,248.0,229.3999938964844,232.0,232.0,29400
2016-02-24,229.3999938964844,246.0,220.0,243.3999938964844,243.3999938964844,21000
2016-02-25,244.3999938964844,257.60000610351557,243.0,250.6000061035156,250.6000061035156,17600
2016-02-26,257.39999389648443,263.0,250.8000030517578,252.6000061035156,252.6000061035156,13800
2016-02-29,255.1999969482422,260.0,250.1999969482422,254.6000061035156,254.6000061035156,11100
2016-03-01,255.8000030517578,262.20001220703125,241.3999938964844,247.8000030517578,247.8000030517578,22000
2016-03-02,247.6000061035156,260.0,244.6000061035156,257.60000610351557,257.60000610351557,9600
2016-03-03,257.60000610351557,276.20001220703125,256.20001220703125,268.0,268.0,26500
2016-03-04,269.39999389648443,276.0,250.1999969482422,255.8000030517578,255.8000030517578,23600
2016-03-07,254.6000061035156,276.79998779296875,254.6000061035156,271.0,271.0,25100
2016-03-08,273.20001220703125,274.39999389648443,258.20001220703125,266.0,266.0,14800
2016-03-09,270.79998779296875,281.79998779296875,267.20001220703125,277.0,277.0,16100
2016-03-10,277.39999389648443,279.39999389648443,271.39999389648443,273.39999389648443,273.39999389648443,9000
2016-03-11,278.0,279.39999389648443,244.3999938964844,252.1999969482422,252.1999969482422,70100
2016-03-14,251.3999938964844,266.60000610351557,241.3999938964844,251.8000030517578,251.8000030517578,14900
2016-03-15,250.0,252.6000061035156,211.1999969482422,213.0,213.0,33000
2016-03-16,209.3999938964844,209.8000030517578,175.0,193.0,193.0,78800
2016-03-17,194.8000030517578,229.3999938964844,194.1999969482422,222.1999969482422,222.1999969482422,47200
2016-03-18,223.1999969482422,226.8000030517578,201.3999938964844,213.1999969482422,213.1999969482422,23200
2016-03-21,216.0,223.1999969482422,211.3999938964844,214.0,214.0,15500
2016-03-22,212.0,217.8000030517578,208.0,209.6000061035156,209.6000061035156,16700
2016-03-23,208.8000030517578,212.6000061035156,204.3999938964844,210.6000061035156,210.6000061035156,12600
2016-03-24,208.1999969482422,212.0,204.0,208.1999969482422,208.1999969482422,5500
2016-03-28,208.1999969482422,209.3999938964844,201.3999938964844,202.3999938964844,202.3999938964844,7300
2016-03-29,201.3999938964844,206.0,192.8000030517578,202.0,202.0,7200
2016-03-30,202.1999969482422,204.6000061035156,198.1999969482422,199.8000030517578,199.8000030517578,6400
2016-03-31,201.0,202.6000061035156,195.3999938964844,195.3999938964844,195.3999938964844,5000
2016-04-01,191.8000030517578,194.0,180.1999969482422,182.8000030517578,182.8000030517578,22200
2016-04-04,185.0,186.8000030517578,180.1999969482422,181.0,181.0,8000
2016-04-05,180.1999969482422,181.0,169.60000610351562,170.39999389648438,170.39999389648438,19600
2016-04-06,171.0,176.0,167.39999389648438,170.8000030517578,170.8000030517578,14400
2016-04-07,170.39999389648438,178.8000030517578,161.39999389648438,162.8000030517578,162.8000030517578,22000
2016-04-08,166.0,218.1999969482422,165.8000030517578,216.0,216.0,82700
2016-04-11,218.0,224.6000061035156,188.3999938964844,191.3999938964844,191.3999938964844,45500
2016-04-12,192.1999969482422,202.8000030517578,182.0,191.6000061035156,191.6000061035156,21100
2016-04-13,191.8000030517578,196.8000030517578,182.3999938964844,184.1999969482422,184.1999969482422,16500
2016-04-14,183.3999938964844,195.0,181.3999938964844,187.3999938964844,187.3999938964844,17600
2016-04-15,187.0,194.1999969482422,184.6000061035156,184.6000061035156,184.6000061035156,14200
2016-04-18,183.6000061035156,187.3999938964844,174.0,186.6000061035156,186.6000061035156,25600
2016-04-19,187.6000061035156,191.1999969482422,184.0,184.8000030517578,184.8000030517578,8300
2016-04-20,184.8000030517578,186.6000061035156,178.39999389648438,181.0,181.0,12300
2016-04-21,182.6000061035156,191.1999969482422,180.0,188.8000030517578,188.8000030517578,18900
2016-04-22,196.1999969482422,198.3999938964844,184.6000061035156,198.3999938964844,198.3999938964844,18700
2016-04-25,196.0,196.0,181.0,185.1999969482422,185.1999969482422,26600
2016-04-26,173.1999969482422,181.0,145.1999969482422,154.39999389648438,154.39999389648438,98800
2016-04-27,154.39999389648438,157.1999969482422,147.1999969482422,152.1999969482422,152.1999969482422,30300
2016-04-28,156.1999969482422,156.1999969482422,132.0,137.19999694824222,137.19999694824222,44700
2016-04-29,135.19999694824222,147.60000610351562,127.5999984741211,145.0,145.0,38900
2016-05-02,144.8000030517578,147.1999969482422,136.19999694824222,138.19999694824222,138.19999694824222,15900
2016-05-03,141.0,141.0,135.60000610351562,136.0,136.0,7300
2016-05-04,139.19999694824222,141.0,134.39999389648438,136.80000305175778,136.80000305175778,10400
2016-05-05,136.19999694824222,139.60000610351562,134.19999694824222,136.19999694824222,136.19999694824222,4700
2016-05-06,134.19999694824222,145.39999389648438,133.19999694824222,136.0,136.0,8600
2016-05-09,144.39999389648438,144.39999389648438,130.19999694824222,134.60000610351562,134.60000610351562,6900
2016-05-10,133.80000305175778,142.39999389648438,133.39999389648438,140.60000610351562,140.60000610351562,8800
2016-05-11,139.19999694824222,144.39999389648438,135.19999694824222,140.60000610351562,140.60000610351562,4900
2016-05-12,140.8000030517578,141.0,132.80000305175778,135.19999694824222,135.19999694824222,5900
2016-05-13,134.19999694824222,137.60000610351562,130.60000610351562,131.39999389648438,131.39999389648438,5300
2016-05-16,136.60000610351562,136.60000610351562,130.60000610351562,134.80000305175778,134.80000305175778,8700
2016-05-17,133.60000610351562,137.60000610351562,133.19999694824222,134.19999694824222,134.19999694824222,3300
2016-05-18,134.19999694824222,135.80000305175778,132.39999389648438,132.60000610351562,132.60000610351562,3100
2016-05-19,140.39999389648438,140.39999389648438,127.8000030517578,132.80000305175778,132.80000305175778,6800
2016-05-20,132.80000305175778,135.60000610351562,132.19999694824222,134.60000610351562,134.60000610351562,4900
2016-05-23,135.19999694824222,138.60000610351562,132.60000610351562,133.19999694824222,133.19999694824222,5000
2016-05-24,134.80000305175778,144.8000030517578,134.0,143.0,143.0,9700
2016-05-25,142.8000030517578,150.0,141.39999389648438,149.60000610351562,149.60000610351562,5800
2016-05-26,154.0,159.1999969482422,145.1999969482422,157.1999969482422,157.1999969482422,19200
2016-05-27,156.0,157.0,147.39999389648438,148.60000610351562,148.60000610351562,7700
2016-05-31,147.1999969482422,148.0,140.0,141.39999389648438,141.39999389648438,7000
2016-06-01,140.0,147.0,136.39999389648438,147.0,147.0,7900
2016-06-02,145.60000610351562,145.8000030517578,140.8000030517578,143.0,143.0,5100
2016-06-03,142.0,155.60000610351562,141.1999969482422,148.0,148.0,4100
2016-06-06,161.1999969482422,161.1999969482422,148.0,151.8000030517578,151.8000030517578,10200
2016-06-07,151.60000610351562,157.60000610351562,146.0,153.0,153.0,5400
2016-06-08,153.1999969482422,153.1999969482422,143.60000610351562,148.0,148.0,8600
2016-06-09,146.1999969482422,151.60000610351562,142.39999389648438,150.0,150.0,8000
2016-06-10,148.1999969482422,148.1999969482422,144.39999389648438,146.60000610351562,146.60000610351562,5400
2016-06-13,144.0,154.39999389648438,142.39999389648438,143.1999969482422,143.1999969482422,8300
2016-06-14,142.0,145.1999969482422,139.39999389648438,141.1999969482422,141.1999969482422,9100
2016-06-15,138.0,143.60000610351562,138.0,140.60000610351562,140.60000610351562,6100
2016-06-16,140.19999694824222,142.1999969482422,136.0,141.60000610351562,141.60000610351562,3700
2016-06-17,141.60000610351562,143.8000030517578,134.80000305175778,135.60000610351562,135.60000610351562,9500
2016-06-20,134.19999694824222,145.8000030517578,134.19999694824222,142.1999969482422,142.1999969482422,8800
2016-06-21,142.0,144.8000030517578,141.8000030517578,142.60000610351562,142.60000610351562,2000
2016-06-22,144.8000030517578,149.8000030517578,143.0,144.39999389648438,144.39999389648438,5200
2016-06-23,145.0,150.1999969482422,141.39999389648438,143.60000610351562,143.60000610351562,7100
2016-06-24,135.60000610351562,148.1999969482422,135.60000610351562,141.60000610351562,141.60000610351562,6400
2016-06-27,136.0,145.8000030517578,135.80000305175778,143.8000030517578,143.8000030517578,5900
2016-06-28,147.0,154.0,144.8000030517578,151.60000610351562,151.60000610351562,12700
2016-06-29,145.39999389648438,154.8000030517578,145.39999389648438,151.1999969482422,151.1999969482422,3100
2016-06-30,150.0,153.0,145.39999389648438,148.0,148.0,6200
2016-07-01,149.0,154.8000030517578,149.0,152.39999389648438,152.39999389648438,5000
2016-07-05,152.0,155.8000030517578,150.60000610351562,151.1999969482422,151.1999969482422,3400
2016-07-06,150.60000610351562,154.8000030517578,149.60000610351562,152.39999389648438,152.39999389648438,2800
2016-07-07,151.0,153.8000030517578,151.0,152.1999969482422,152.1999969482422,2800
2016-07-08,152.0,156.0,148.1999969482422,149.1999969482422,149.1999969482422,5100
2016-07-11,150.0,154.0,148.8000030517578,149.1999969482422,149.1999969482422,6400
2016-07-12,150.1999969482422,152.39999389648438,149.0,149.1999969482422,149.1999969482422,4800
2016-07-13,150.0,151.8000030517578,145.8000030517578,151.39999389648438,151.39999389648438,4000
2016-07-14,151.0,155.0,150.0,151.60000610351562,151.60000610351562,2800
2016-07-15,153.0,153.39999389648438,148.1999969482422,149.60000610351562,149.60000610351562,2000
2016-07-18,150.0,152.39999389648438,148.8000030517578,151.0,151.0,3000
2016-07-19,149.0,152.0,149.0,150.8000030517578,150.8000030517578,3100
2016-07-20,149.1999969482422,152.0,147.39999389648438,148.1999969482422,148.1999969482422,3100
2016-07-21,146.1999969482422,149.60000610351562,146.1999969482422,149.60000610351562,149.60000610351562,3600
2016-07-22,146.39999389648438,155.60000610351562,146.39999389648438,154.0,154.0,6400
2016-07-25,153.60000610351562,153.60000610351562,149.1999969482422,152.0,152.0,2800
2016-07-26,149.39999389648438,152.0,143.8000030517578,144.60000610351562,144.60000610351562,10000
2016-07-27,142.1999969482422,145.0,139.80000305175778,141.8000030517578,141.8000030517578,13500
2016-07-28,140.19999694824222,141.1999969482422,135.0,135.39999389648438,135.39999389648438,9000
2016-07-29,140.8000030517578,161.0,140.19999694824222,142.1999969482422,142.1999969482422,32800
2016-08-01,150.60000610351562,159.1999969482422,148.39999389648438,155.1999969482422,155.1999969482422,14400
2016-08-02,156.60000610351562,168.0,152.39999389648438,164.8000030517578,164.8000030517578,20500
2016-08-03,162.1999969482422,168.60000610351562,162.1999969482422,163.1999969482422,163.1999969482422,8700
2016-08-04,163.1999969482422,177.39999389648438,163.1999969482422,172.60000610351562,172.60000610351562,17500
2016-08-05,171.1999969482422,176.1999969482422,169.60000610351562,172.1999969482422,172.1999969482422,8400
2016-08-08,172.8000030517578,175.1999969482422,171.60000610351562,172.8000030517578,172.8000030517578,2500
2016-08-09,176.0,178.60000610351562,173.60000610351562,178.0,178.0,5700
2016-08-10,179.0,179.8000030517578,161.1999969482422,162.1999969482422,162.1999969482422,11100
2016-08-11,164.60000610351562,169.8000030517578,163.1999969482422,165.8000030517578,165.8000030517578,3600
2016-08-12,165.8000030517578,169.1999969482422,162.39999389648438,168.1999969482422,168.1999969482422,5600
2016-08-15,170.39999389648438,171.0,164.0,164.0,164.0,4800
2016-08-16,164.0,166.8000030517578,161.0,161.39999389648438,161.39999389648438,9400
2016-08-17,161.0,161.39999389648438,156.1999969482422,156.8000030517578,156.8000030517578,4900
2016-08-18,158.39999389648438,159.8000030517578,156.39999389648438,158.1999969482422,158.1999969482422,6100
2016-08-19,156.39999389648438,160.39999389648438,153.60000610351562,157.1999969482422,157.1999969482422,6100
2016-08-22,159.0,164.0,143.39999389648438,151.1999969482422,151.1999969482422,17500
2016-08-23,151.8000030517578,152.8000030517578,149.0,149.1999969482422,149.1999969482422,4700
2016-08-24,150.1999969482422,150.1999969482422,146.1999969482422,147.60000610351562,147.60000610351562,2800
2016-08-25,148.0,150.8000030517578,144.0,144.39999389648438,144.39999389648438,3800
2016-08-26,147.0,150.60000610351562,145.0,148.0,148.0,3600
2016-08-29,150.1999969482422,150.60000610351562,147.39999389648438,147.8000030517578,147.8000030517578,3000
2016-08-30,168.1999969482422,168.1999969482422,144.8000030517578,149.1999969482422,149.1999969482422,3600
2016-08-31,159.1999969482422,159.1999969482422,146.39999389648438,149.39999389648438,149.39999389648438,2600
2016-09-01,150.0,150.0,143.0,147.0,147.0,4400
2016-09-02,155.1999969482422,155.1999969482422,146.60000610351562,149.1999969482422,149.1999969482422,4400
2016-09-06,149.0,149.8000030517578,145.8000030517578,148.39999389648438,148.39999389648438,3100
2016-09-07,148.1999969482422,148.8000030517578,145.8000030517578,148.0,148.0,2500
2016-09-08,148.1999969482422,153.8000030517578,147.60000610351562,153.0,153.0,5300
2016-09-09,150.8000030517578,151.60000610351562,143.0,144.0,144.0,4900
2016-09-12,142.39999389648438,149.0,142.0,148.60000610351562,148.60000610351562,5700
2016-09-13,146.1999969482422,147.60000610351562,141.60000610351562,143.60000610351562,143.60000610351562,3400
2016-09-14,144.1999969482422,144.39999389648438,140.19999694824222,142.0,142.0,3800
2016-09-15,141.39999389648438,146.8000030517578,141.39999389648438,146.0,146.0,3400
2016-09-16,144.60000610351562,146.60000610351562,144.1999969482422,144.8000030517578,144.8000030517578,2200
2016-09-19,145.8000030517578,145.8000030517578,142.0,142.39999389648438,142.39999389648438,4100
2016-09-20,142.0,143.8000030517578,141.8000030517578,141.8000030517578,141.8000030517578,3700
2016-09-21,157.1999969482422,160.0,151.8000030517578,155.39999389648438,155.39999389648438,16200
2016-09-22,159.39999389648438,159.60000610351562,155.0,155.8000030517578,155.8000030517578,5900
2016-09-23,157.0,159.0,152.8000030517578,155.39999389648438,155.39999389648438,4300
2016-09-26,156.0,159.60000610351562,155.0,159.1999969482422,159.1999969482422,3600
2016-09-27,160.60000610351562,160.60000610351562,156.1999969482422,157.39999389648438,157.39999389648438,3400
2016-09-28,160.1999969482422,167.39999389648438,158.8000030517578,166.60000610351562,166.60000610351562,13300
2016-09-29,166.0,167.0,162.0,164.8000030517578,164.8000030517578,9900
2016-09-30,165.39999389648438,167.1999969482422,163.39999389648438,166.0,166.0,8900
2016-10-03,166.60000610351562,167.1999969482422,157.8000030517578,164.60000610351562,164.60000610351562,7300
2016-10-04,164.1999969482422,167.39999389648438,164.1999969482422,166.60000610351562,166.60000610351562,2900
2016-10-05,168.0,171.60000610351562,167.1999969482422,170.8000030517578,170.8000030517578,5400
2016-10-06,170.60000610351562,172.0,161.39999389648438,164.0,164.0,7100
2016-10-07,167.60000610351562,169.8000030517578,164.60000610351562,165.39999389648438,165.39999389648438,1700
2016-10-10,168.0,169.60000610351562,164.8000030517578,165.39999389648438,165.39999389648438,1400
2016-10-11,165.0,168.1999969482422,159.60000610351562,162.39999389648438,162.39999389648438,8900
2016-10-12,161.8000030517578,166.0,161.8000030517578,165.8000030517578,165.8000030517578,1200
2016-10-13,164.0,164.0,160.39999389648438,162.1999969482422,162.1999969482422,2300
2016-10-14,162.39999389648438,166.60000610351562,162.39999389648438,163.8000030517578,163.8000030517578,1300
2016-10-17,164.1999969482422,169.1999969482422,162.1999969482422,163.60000610351562,163.60000610351562,4800
2016-10-18,164.60000610351562,171.60000610351562,163.60000610351562,168.39999389648438,168.39999389648438,6100
2016-10-19,167.1999969482422,170.0,166.39999389648438,169.39999389648438,169.39999389648438,3200
2016-10-20,161.8000030517578,169.39999389648438,160.1999969482422,161.0,161.0,8400
2016-10-21,160.39999389648438,165.60000610351562,159.0,160.39999389648438,160.39999389648438,3200
2016-10-24,160.60000610351562,163.0,159.60000610351562,159.60000610351562,159.60000610351562,2700
2016-10-25,158.1999969482422,165.39999389648438,158.1999969482422,160.0,160.0,9500
2016-10-26,159.8000030517578,161.60000610351562,152.60000610351562,160.0,160.0,3200
2016-10-27,161.60000610351562,163.0,152.39999389648438,155.0,155.0,2800
2016-10-28,156.0,158.8000030517578,155.0,158.0,158.0,1800
2016-10-31,157.1999969482422,159.8000030517578,155.1999969482422,156.8000030517578,156.8000030517578,900
2016-11-01,156.8000030517578,156.8000030517578,150.0,152.1999969482422,152.1999969482422,4200
2016-11-02,151.60000610351562,156.8000030517578,150.8000030517578,151.1999969482422,151.1999969482422,5900
2016-11-03,151.60000610351562,153.0,149.0,150.1999969482422,150.1999969482422,2900
2016-11-04,149.0,152.60000610351562,148.39999389648438,149.8000030517578,149.8000030517578,2100
2016-11-07,151.0,153.8000030517578,149.0,149.60000610351562,149.60000610351562,2000
2016-11-08,149.60000610351562,151.8000030517578,144.8000030517578,147.60000610351562,147.60000610351562,3200
2016-11-09,142.60000610351562,152.8000030517578,142.39999389648438,151.60000610351562,151.60000610351562,5800
2016-11-10,150.8000030517578,152.8000030517578,150.8000030517578,151.8000030517578,151.8000030517578,2300
2016-11-11,150.60000610351562,154.8000030517578,150.60000610351562,154.0,154.0,2300
2016-11-14,154.0,163.39999389648438,153.60000610351562,160.1999969482422,160.1999969482422,5000
2016-11-15,159.60000610351562,167.8000030517578,158.60000610351562,164.60000610351562,164.60000610351562,7000
2016-11-16,165.1999969482422,165.1999969482422,159.0,160.0,160.0,3700
2016-11-17,160.39999389648438,163.39999389648438,148.1999969482422,150.39999389648438,150.39999389648438,6200
2016-11-18,148.1999969482422,159.1999969482422,148.1999969482422,157.39999389648438,157.39999389648438,2900
2016-11-21,156.8000030517578,158.1999969482422,152.8000030517578,154.60000610351562,154.60000610351562,4900
2016-11-22,156.8000030517578,157.39999389648438,150.1999969482422,155.8000030517578,155.8000030517578,5600
2016-11-23,154.0,160.0,152.8000030517578,156.60000610351562,156.60000610351562,3800
2016-11-25,156.60000610351562,156.8000030517578,154.60000610351562,156.39999389648438,156.39999389648438,600
2016-11-28,155.60000610351562,160.39999389648438,154.0,159.60000610351562,159.60000610351562,5800
2016-11-29,160.60000610351562,163.39999389648438,157.8000030517578,159.1999969482422,159.1999969482422,4700
2016-11-30,158.0,158.60000610351562,145.0,147.0,147.0,16300
2016-12-01,146.60000610351562,146.8000030517578,128.0,129.80000305175778,129.80000305175778,28700
2016-12-02,135.0,137.60000610351562,131.0,134.80000305175778,134.80000305175778,7900
2016-12-05,136.19999694824222,138.19999694824222,125.0,131.39999389648438,131.39999389648438,9100
2016-12-06,133.60000610351562,135.0,130.39999389648438,134.39999389648438,134.39999389648438,5500
2016-12-07,133.80000305175778,135.60000610351562,127.0,131.0,131.0,4300
2016-12-08,132.80000305175778,133.19999694824222,131.19999694824222,133.0,133.0,3100
2016-12-09,133.0,134.80000305175778,131.39999389648438,133.0,133.0,3300
2016-12-12,131.39999389648438,133.80000305175778,128.60000610351562,128.80000305175778,128.80000305175778,4900
2016-12-13,129.39999389648438,133.39999389648438,128.39999389648438,130.39999389648438,130.39999389648438,4800
2016-12-14,130.80000305175778,130.80000305175778,126.0,126.5999984741211,126.5999984741211,4100
2016-12-15,125.0,125.0,121.4000015258789,124.8000030517578,124.8000030517578,6700
2016-12-16,123.4000015258789,131.60000610351562,123.4000015258789,129.19999694824222,129.19999694824222,6500
2016-12-19,130.39999389648438,131.60000610351562,124.4000015258789,126.1999969482422,126.1999969482422,5100
2016-12-20,126.1999969482422,128.60000610351562,123.1999969482422,126.0,126.0,3800
2016-12-21,125.8000030517578,125.8000030517578,120.0,123.4000015258789,123.4000015258789,4900
2016-12-22,122.0,126.1999969482422,120.5999984741211,125.1999969482422,125.1999969482422,9400
2016-12-23,122.0,128.80000305175778,121.0,127.8000030517578,127.8000030517578,5600
2016-12-27,127.8000030517578,127.8000030517578,125.1999969482422,126.1999969482422,126.1999969482422,6000
2016-12-28,124.5999984741211,125.8000030517578,116.4000015258789,117.5999984741211,117.5999984741211,22200
2016-12-29,117.0,125.0,116.8000030517578,120.4000015258789,120.4000015258789,16400
2016-12-30,121.4000015258789,123.5999984741211,119.4000015258789,123.0,123.0,6400
2017-01-03,119.5999984741211,121.0,118.0,119.8000030517578,119.8000030517578,9200
2017-01-04,121.0,124.0,115.0,119.1999969482422,119.1999969482422,12400
2017-01-05,120.1999969482422,122.0,119.8000030517578,121.1999969482422,121.1999969482422,5400
2017-01-06,120.0,121.4000015258789,117.1999969482422,118.5999984741211,118.5999984741211,2700
2017-01-09,119.0,119.0,115.0,117.8000030517578,117.8000030517578,8900
2017-01-10,118.1999969482422,118.1999969482422,110.5999984741211,112.5999984741211,112.5999984741211,15700
2017-01-11,113.5999984741211,113.5999984741211,110.4000015258789,111.0,111.0,9800
2017-01-12,112.0,113.1999969482422,112.0,112.8000030517578,112.8000030517578,5900
2017-01-13,113.0,115.0,112.0,112.4000015258789,112.4000015258789,5700
2017-01-17,111.5999984741211,118.8000030517578,110.8000030517578,118.1999969482422,118.1999969482422,7700
2017-01-18,116.1999969482422,118.0,115.4000015258789,117.1999969482422,117.1999969482422,4200
2017-01-19,116.0,117.0,111.4000015258789,114.8000030517578,114.8000030517578,5300
2017-01-20,114.1999969482422,117.0,112.8000030517578,116.8000030517578,116.8000030517578,4000
2017-01-23,116.4000015258789,117.5999984741211,114.0,114.1999969482422,114.1999969482422,3200
2017-01-24,114.4000015258789,117.5999984741211,113.1999969482422,115.0,115.0,2600
2017-01-25,115.5999984741211,123.0,114.4000015258789,122.0,122.0,6500
2017-01-26,123.0,123.5999984741211,115.5999984741211,117.1999969482422,117.1999969482422,4200
2017-01-27,118.1999969482422,122.5999984741211,116.4000015258789,120.0,120.0,5400
2017-01-30,118.0,120.0,117.5999984741211,119.5999984741211,119.5999984741211,4600
2017-01-31,120.0,121.0,113.0,116.0,116.0,6200
2017-02-01,117.0,120.0,116.4000015258789,118.1999969482422,118.1999969482422,4300
2017-02-02,118.0,126.0,118.0,125.1999969482422,125.1999969482422,6800
2017-02-03,126.1999969482422,128.39999389648438,120.5999984741211,120.8000030517578,120.8000030517578,6800
2017-02-06,120.8000030517578,124.1999969482422,120.8000030517578,122.4000015258789,122.4000015258789,4900
2017-02-07,122.8000030517578,123.1999969482422,116.0,119.1999969482422,119.1999969482422,7800
2017-02-08,119.4000015258789,123.5999984741211,117.1999969482422,122.5999984741211,122.5999984741211,5800
2017-02-09,123.4000015258789,125.1999969482422,120.5999984741211,123.5999984741211,123.5999984741211,2900
2017-02-10,123.4000015258789,124.5999984741211,119.0,121.8000030517578,121.8000030517578,5300
2017-02-13,121.0,122.1999969482422,110.5999984741211,112.0,112.0,18100
2017-02-14,114.4000015258789,117.5999984741211,113.0,116.4000015258789,116.4000015258789,10000
2017-02-15,116.4000015258789,117.0,111.0,113.0,113.0,8800
2017-02-16,113.0,114.0,111.1999969482422,112.0,112.0,5700
2017-02-17,113.5999984741211,113.8000030517578,110.0,111.0,111.0,7700
2017-02-21,112.0,114.8000030517578,110.1999969482422,111.0,111.0,7200
2017-02-22,110.0,111.5999984741211,109.8000030517578,110.0,110.0,3800
2017-02-23,110.5999984741211,111.0,108.0,108.1999969482422,108.1999969482422,6800
2017-02-24,107.0,110.8000030517578,107.0,109.1999969482422,109.1999969482422,6100
2017-02-27,108.1999969482422,110.5999984741211,107.0,107.8000030517578,107.8000030517578,5900
2017-02-28,109.1999969482422,110.0,107.0,108.5999984741211,108.5999984741211,8300
2017-03-01,109.5999984741211,110.1999969482422,100.1999969482422,107.0,107.0,11800
2017-03-02,107.0,107.0,102.4000015258789,104.5999984741211,104.5999984741211,8500
2017-03-03,104.5999984741211,105.4000015258789,101.8000030517578,103.8000030517578,103.8000030517578,7600
2017-03-06,102.4000015258789,103.0,97.4000015258789,100.0,100.0,16600
2017-03-07,99.4000015258789,99.8000030517578,97.5999984741211,99.4000015258789,99.4000015258789,8400
2017-03-08,94.1999969482422,104.1999969482422,94.1999969482422,100.4000015258789,100.4000015258789,12400
2017-03-09,101.1999969482422,102.1999969482422,98.8000030517578,100.0,100.0,4200
2017-03-10,99.4000015258789,102.0,97.0,102.0,102.0,7900
2017-03-13,103.5999984741211,103.5999984741211,100.1999969482422,102.8000030517578,102.8000030517578,5800
2017-03-14,103.0,103.0,98.8000030517578,100.5999984741211,100.5999984741211,5900
2017-03-15,100.4000015258789,105.4000015258789,99.0,104.4000015258789,104.4000015258789,5300
2017-03-16,103.1999969482422,104.0,101.0,103.0,103.0,6700
2017-03-17,103.0,106.0,103.0,105.1999969482422,105.1999969482422,13500
2017-03-20,105.1999969482422,108.0,103.0,103.4000015258789,103.4000015258789,7800
2017-03-21,103.4000015258789,107.0,103.4000015258789,103.5999984741211,103.5999984741211,8000
2017-03-22,103.5999984741211,105.1999969482422,102.5999984741211,105.1999969482422,105.1999969482422,3900
2017-03-23,103.8000030517578,105.0,102.0,103.5999984741211,103.5999984741211,4400
2017-03-24,104.0,105.1999969482422,103.0,103.4000015258789,103.4000015258789,4700
2017-03-27,103.0,104.1999969482422,102.1999969482422,104.1999969482422,104.1999969482422,2100
2017-03-28,105.0,106.0,103.0,105.1999969482422,105.1999969482422,1900
2017-03-29,105.0,106.1999969482422,103.0,105.0,105.0,5200
2017-03-30,104.1999969482422,106.1999969482422,104.0,106.1999969482422,106.1999969482422,3900
2017-03-31,105.1999969482422,110.0,105.1999969482422,107.1999969482422,107.1999969482422,4300
2017-04-03,107.4000015258789,110.8000030517578,106.1999969482422,109.5999984741211,109.5999984741211,3900
2017-04-04,109.1999969482422,109.5999984741211,106.4000015258789,106.5999984741211,106.5999984741211,2400
2017-04-05,107.1999969482422,109.0,104.8000030517578,105.4000015258789,105.4000015258789,2900
2017-04-06,104.8000030517578,106.0,104.4000015258789,105.4000015258789,105.4000015258789,1100
2017-04-07,105.5999984741211,110.8000030517578,105.1999969482422,105.8000030517578,105.8000030517578,5400
2017-04-10,106.0,108.5999984741211,105.8000030517578,106.8000030517578,106.8000030517578,1600
2017-04-11,107.0,108.1999969482422,106.0,108.0,108.0,1700
2017-04-12,108.0,108.0,102.1999969482422,103.8000030517578,103.8000030517578,4900
2017-04-13,104.1999969482422,104.8000030517578,102.5999984741211,103.8000030517578,103.8000030517578,2600
2017-04-17,103.4000015258789,105.1999969482422,102.0,103.5999984741211,103.5999984741211,2400
2017-04-18,103.4000015258789,104.5999984741211,102.0,103.5999984741211,103.5999984741211,2200
2017-04-19,103.5999984741211,105.4000015258789,102.0,104.8000030517578,104.8000030517578,3300
2017-04-20,104.8000030517578,105.8000030517578,102.8000030517578,105.0,105.0,3100
2017-04-21,104.5999984741211,104.5999984741211,102.1999969482422,103.4000015258789,103.4000015258789,2000
2017-04-24,103.5999984741211,104.1999969482422,102.5999984741211,103.5999984741211,103.5999984741211,3200
2017-04-25,103.5999984741211,106.5999984741211,100.4000015258789,101.4000015258789,101.4000015258789,6300
2017-04-26,102.0,104.5999984741211,101.8000030517578,104.1999969482422,104.1999969482422,2800
2017-04-27,105.1999969482422,107.8000030517578,102.5999984741211,104.0,104.0,8000
2017-04-28,104.0,105.8000030517578,102.0,103.8000030517578,103.8000030517578,3700
2017-05-01,103.5999984741211,105.5999984741211,102.0,102.8000030517578,102.8000030517578,3800
2017-05-02,103.0,104.0,102.1999969482422,103.0,103.0,3500
2017-05-03,103.0,103.8000030517578,101.5999984741211,102.8000030517578,102.8000030517578,5500
2017-05-04,102.0,103.4000015258789,102.0,102.1999969482422,102.1999969482422,2700
2017-05-05,102.0,103.4000015258789,101.5999984741211,102.8000030517578,102.8000030517578,4400
2017-05-08,103.4000015258789,104.0,102.0,103.4000015258789,103.4000015258789,2800
2017-05-09,103.5999984741211,105.8000030517578,103.4000015258789,105.4000015258789,105.4000015258789,3000
2017-05-10,105.8000030517578,107.4000015258789,105.4000015258789,106.4000015258789,106.4000015258789,2500
2017-05-11,105.8000030517578,106.0,104.0,105.1999969482422,105.1999969482422,2200
2017-05-12,103.0,105.1999969482422,103.0,105.0,105.0,4200
2017-05-15,105.0,105.0,101.0,101.4000015258789,101.4000015258789,5700
2017-05-16,102.4000015258789,102.4000015258789,100.5999984741211,101.0,101.0,3800
2017-05-17,101.0,101.0,97.0,97.1999969482422,97.1999969482422,5400
2017-05-18,97.5999984741211,98.4000015258789,95.0,96.5999984741211,96.5999984741211,3800
2017-05-19,96.1999969482422,98.1999969482422,95.0,96.8000030517578,96.8000030517578,2100
2017-05-22,97.0,102.1999969482422,97.0,101.0,101.0,3500
2017-05-23,101.0,101.0,96.8000030517578,98.1999969482422,98.1999969482422,5500
2017-05-24,100.5999984741211,100.5999984741211,97.5999984741211,97.8000030517578,97.8000030517578,1700
2017-05-25,97.8000030517578,100.0,97.5999984741211,99.5999984741211,99.5999984741211,3700
2017-05-26,97.5999984741211,99.5999984741211,97.5999984741211,99.1999969482422,99.1999969482422,1000
2017-05-30,99.0,106.4000015258789,99.0,102.4000015258789,102.4000015258789,9800
2017-05-31,102.4000015258789,104.1999969482422,99.1999969482422,99.4000015258789,99.4000015258789,3500
2017-06-01,99.1999969482422,101.5999984741211,99.1999969482422,100.0,100.0,2200
2017-06-02,99.1999969482422,103.0,99.1999969482422,100.0,100.0,2200
2017-06-05,100.0,100.4000015258789,97.5999984741211,97.5999984741211,97.5999984741211,4600
2017-06-06,98.4000015258789,98.4000015258789,91.1999969482422,92.5999984741211,92.5999984741211,15200
2017-06-07,92.8000030517578,96.4000015258789,92.4000015258789,96.0,96.0,4500
2017-06-08,95.0,96.5999984741211,94.0,94.4000015258789,94.4000015258789,3100
2017-06-09,93.8000030517578,96.0,90.0,95.1999969482422,95.1999969482422,8000
2017-06-12,95.4000015258789,97.0,94.5999984741211,96.1999969482422,96.1999969482422,10900
2017-06-13,97.1999969482422,99.0,95.0,97.8000030517578,97.8000030517578,5000
2017-06-14,97.5999984741211,99.0,95.0,96.0,96.0,2500
2017-06-15,94.5999984741211,96.0,93.4000015258789,96.0,96.0,3600
2017-06-16,96.4000015258789,96.4000015258789,93.1999969482422,94.8000030517578,94.8000030517578,3000
2017-06-19,95.4000015258789,97.0,94.8000030517578,95.5999984741211,95.5999984741211,5000
2017-06-20,98.0,104.8000030517578,98.0,99.8000030517578,99.8000030517578,9800
2017-06-21,98.4000015258789,103.8000030517578,97.4000015258789,98.4000015258789,98.4000015258789,6800
2017-06-22,100.0,102.4000015258789,97.8000030517578,99.4000015258789,99.4000015258789,9400
2017-06-23,100.4000015258789,101.1999969482422,99.0,100.8000030517578,100.8000030517578,4300
2017-06-26,100.8000030517578,102.4000015258789,100.1999969482422,100.5999984741211,100.5999984741211,3800
2017-06-27,101.0,103.8000030517578,101.0,102.4000015258789,102.4000015258789,6100
2017-06-28,103.0,105.4000015258789,102.8000030517578,103.8000030517578,103.8000030517578,3800
2017-06-29,105.1999969482422,108.1999969482422,103.0,105.5999984741211,105.5999984741211,5600
2017-06-30,107.5999984741211,112.8000030517578,106.8000030517578,110.8000030517578,110.8000030517578,9100
2017-07-03,111.4000015258789,112.0,107.5999984741211,109.0,109.0,2800
2017-07-05,109.0,112.8000030517578,106.0,107.5999984741211,107.5999984741211,4200
2017-07-06,107.8000030517578,109.0,106.0,107.5999984741211,107.5999984741211,2600
2017-07-07,109.0,111.4000015258789,107.0,109.4000015258789,109.4000015258789,4500
2017-07-10,109.4000015258789,110.1999969482422,108.0,109.5999984741211,109.5999984741211,1800
2017-07-11,110.5999984741211,112.1999969482422,109.5999984741211,110.8000030517578,110.8000030517578,2900
2017-07-12,111.8000030517578,113.0,111.5999984741211,113.0,113.0,3400
2017-07-13,113.0,118.5999984741211,112.4000015258789,117.0,117.0,5300
2017-07-14,116.4000015258789,127.8000030517578,115.8000030517578,126.1999969482422,126.1999969482422,12600
2017-07-17,128.0,133.80000305175778,123.8000030517578,125.8000030517578,125.8000030517578,12600
2017-07-18,127.0,138.80000305175778,126.1999969482422,133.39999389648438,133.39999389648438,19600
2017-07-19,133.80000305175778,139.0,130.80000305175778,138.60000610351562,138.60000610351562,13400
2017-07-20,137.80000305175778,141.0,130.0,135.80000305175778,135.80000305175778,12400
2017-07-21,138.0,138.0,133.19999694824222,134.80000305175778,134.80000305175778,4700
2017-07-24,134.80000305175778,139.39999389648438,131.19999694824222,132.39999389648438,132.39999389648438,8900
2017-07-25,132.39999389648438,134.0,128.19999694824222,130.19999694824222,130.19999694824222,5500
2017-07-26,130.19999694824222,130.19999694824222,119.5999984741211,123.4000015258789,123.4000015258789,14800
2017-07-27,123.1999969482422,123.4000015258789,111.1999969482422,119.5999984741211,119.5999984741211,19300
2017-07-28,119.1999969482422,124.0,119.1999969482422,121.0,121.0,3500
2017-07-31,126.0,127.8000030517578,120.0,124.1999969482422,124.1999969482422,7800
2017-08-01,123.0,123.8000030517578,107.1999969482422,110.4000015258789,110.4000015258789,21700
2017-08-02,111.1999969482422,111.5999984741211,101.5999984741211,104.5999984741211,104.5999984741211,14500
2017-08-03,107.0,107.5999984741211,101.4000015258789,103.4000015258789,103.4000015258789,8300
2017-08-04,103.4000015258789,113.4000015258789,103.1999969482422,108.1999969482422,108.1999969482422,8800
2017-08-07,108.1999969482422,109.1999969482422,105.0,105.8000030517578,105.8000030517578,3700
2017-08-08,105.8000030517578,107.0,104.5999984741211,105.8000030517578,105.8000030517578,3000
2017-08-09,105.8000030517578,108.0,104.8000030517578,106.5999984741211,106.5999984741211,3900
2017-08-10,106.4000015258789,107.4000015258789,105.0,106.5999984741211,106.5999984741211,2900
2017-08-11,104.0,110.0,102.1999969482422,108.8000030517578,108.8000030517578,3500
2017-08-14,108.4000015258789,108.8000030517578,105.4000015258789,108.1999969482422,108.1999969482422,5700
2017-08-15,108.1999969482422,110.0,105.8000030517578,105.8000030517578,105.8000030517578,2300
2017-08-16,105.8000030517578,111.0,104.0,105.8000030517578,105.8000030517578,5000
2017-08-17,105.8000030517578,109.0,102.1999969482422,103.5999984741211,103.5999984741211,5500
2017-08-18,103.1999969482422,106.8000030517578,102.1999969482422,106.0,106.0,2300
2017-08-21,105.1999969482422,105.8000030517578,100.5999984741211,102.5999984741211,102.5999984741211,2600
2017-08-22,102.5999984741211,105.4000015258789,100.4000015258789,104.5999984741211,104.5999984741211,4300
2017-08-23,103.4000015258789,104.8000030517578,101.1999969482422,102.1999969482422,102.1999969482422,2700
2017-08-24,103.8000030517578,103.8000030517578,101.0,102.5999984741211,102.5999984741211,1500
2017-08-25,102.4000015258789,103.8000030517578,101.8000030517578,103.8000030517578,103.8000030517578,1500
2017-08-28,104.1999969482422,105.4000015258789,104.0,105.0,105.0,2300
2017-08-29,104.5999984741211,104.5999984741211,100.1999969482422,104.1999969482422,104.1999969482422,3500
2017-08-30,103.8000030517578,104.5999984741211,102.8000030517578,104.5999984741211,104.5999984741211,1400
2017-08-31,103.4000015258789,107.8000030517578,103.0,106.5999984741211,106.5999984741211,3200
2017-09-01,113.1999969482422,126.0,113.1999969482422,116.8000030517578,116.8000030517578,32600
2017-09-05,120.0,122.4000015258789,117.0,117.8000030517578,117.8000030517578,9500
2017-09-06,120.0,120.8000030517578,115.4000015258789,117.5999984741211,117.5999984741211,7600
2017-09-07,116.8000030517578,119.5999984741211,115.5999984741211,116.1999969482422,116.1999969482422,4400
2017-09-08,118.0,118.0,115.8000030517578,116.5999984741211,116.5999984741211,2300
2017-09-11,118.1999969482422,120.0,116.8000030517578,117.4000015258789,117.4000015258789,6600
2017-09-12,119.0,119.8000030517578,112.1999969482422,112.4000015258789,112.4000015258789,5000
2017-09-13,113.0,116.1999969482422,111.1999969482422,111.4000015258789,111.4000015258789,3600
2017-09-14,112.5999984741211,113.0,110.0,112.4000015258789,112.4000015258789,3100
2017-09-15,111.4000015258789,114.0,110.0,110.8000030517578,110.8000030517578,5100
2017-09-18,112.1999969482422,116.5999984741211,112.1999969482422,115.1999969482422,115.1999969482422,7500
2017-09-19,116.1999969482422,118.4000015258789,112.1999969482422,115.8000030517578,115.8000030517578,4200
2017-09-20,116.0,117.1999969482422,113.0,115.4000015258789,115.4000015258789,4000
2017-09-21,114.5999984741211,116.5999984741211,113.0,116.5999984741211,116.5999984741211,5000
2017-09-22,117.0,121.5999984741211,116.4000015258789,121.4000015258789,121.4000015258789,10200
2017-09-25,121.4000015258789,121.5999984741211,116.8000030517578,120.1999969482422,120.1999969482422,8100
2017-09-26,121.1999969482422,121.8000030517578,118.5999984741211,120.5999984741211,120.5999984741211,4500
2017-09-27,120.5999984741211,123.5999984741211,119.8000030517578,123.5999984741211,123.5999984741211,4700
2017-09-28,123.1999969482422,123.4000015258789,119.1999969482422,120.8000030517578,120.8000030517578,2700
2017-09-29,121.8000030517578,121.8000030517578,119.4000015258789,120.4000015258789,120.4000015258789,4100
2017-10-02,121.0,123.1999969482422,119.5999984741211,121.1999969482422,121.1999969482422,4900
2017-10-03,122.1999969482422,123.1999969482422,120.4000015258789,121.1999969482422,121.1999969482422,2900
2017-10-04,121.8000030517578,122.1999969482422,120.1999969482422,121.1999969482422,121.1999969482422,4100
2017-10-05,122.4000015258789,124.0,121.5999984741211,122.1999969482422,122.1999969482422,4000
2017-10-06,122.1999969482422,122.1999969482422,119.0,121.0,121.0,8700
2017-10-09,123.0,124.1999969482422,120.4000015258789,121.0,121.0,5500
2017-10-10,120.0,123.0,120.0,121.1999969482422,121.1999969482422,3200
2017-10-11,120.1999969482422,122.4000015258789,120.0,121.0,121.0,5600
2017-10-12,121.0,123.0,119.5999984741211,122.4000015258789,122.4000015258789,5000
2017-10-13,123.0,123.0,119.0,120.8000030517578,120.8000030517578,4700
2017-10-16,121.0,122.0,119.4000015258789,120.4000015258789,120.4000015258789,3600
2017-10-17,119.1999969482422,121.4000015258789,118.5999984741211,119.8000030517578,119.8000030517578,5800
2017-10-18,119.8000030517578,120.5999984741211,119.0,119.4000015258789,119.4000015258789,3500
2017-10-19,119.1999969482422,120.8000030517578,117.1999969482422,119.8000030517578,119.8000030517578,5900
2017-10-20,120.0,120.5999984741211,116.5999984741211,119.8000030517578,119.8000030517578,8600
2017-10-23,120.1999969482422,122.0,117.5999984741211,118.5999984741211,118.5999984741211,7400
2017-10-24,119.0,119.0,116.5999984741211,117.8000030517578,117.8000030517578,9300
2017-10-25,117.0,119.8000030517578,116.5999984741211,117.5999984741211,117.5999984741211,5000
2017-10-26,118.1999969482422,118.5999984741211,117.0,117.5999984741211,117.5999984741211,2200
2017-10-27,118.0,120.0,116.4000015258789,120.0,120.0,8800
2017-10-30,120.1999969482422,122.0,117.0,117.4000015258789,117.4000015258789,5700
2017-10-31,117.4000015258789,119.8000030517578,117.4000015258789,119.8000030517578,119.8000030517578,10700
2017-11-01,119.8000030517578,119.8000030517578,117.0,117.1999969482422,117.1999969482422,9000
2017-11-02,116.5999984741211,118.0,115.4000015258789,116.8000030517578,116.8000030517578,6000
2017-11-03,116.8000030517578,117.8000030517578,116.0,116.1999969482422,116.1999969482422,2500
2017-11-06,116.0,117.4000015258789,112.8000030517578,113.1999969482422,113.1999969482422,6800
2017-11-07,113.0,116.4000015258789,113.0,114.8000030517578,114.8000030517578,5300
2017-11-08,114.0,114.5999984741211,112.4000015258789,113.5999984741211,113.5999984741211,4500
2017-11-09,112.1999969482422,113.5999984741211,109.1999969482422,109.8000030517578,109.8000030517578,5900
2017-11-10,110.0,112.4000015258789,108.1999969482422,110.4000015258789,110.4000015258789,4200
2017-11-13,111.1999969482422,113.0,109.4000015258789,110.4000015258789,110.4000015258789,5400
2017-11-14,116.1999969482422,116.1999969482422,107.0,107.4000015258789,107.4000015258789,5200
2017-11-15,107.0,110.4000015258789,104.0,104.4000015258789,104.4000015258789,8700
2017-11-16,105.0,107.1999969482422,104.0,105.5999984741211,105.5999984741211,7300
2017-11-17,106.0,111.0,106.0,110.0,110.0,5100
2017-11-20,110.5999984741211,113.5999984741211,110.1999969482422,112.1999969482422,112.1999969482422,6900
2017-11-21,112.1999969482422,114.0,110.8000030517578,111.0,111.0,4400
2017-11-22,110.8000030517578,113.0,110.4000015258789,111.4000015258789,111.4000015258789,4400
2017-11-24,112.8000030517578,115.5999984741211,111.8000030517578,113.1999969482422,113.1999969482422,4200
2017-11-27,114.0,116.4000015258789,113.1999969482422,115.8000030517578,115.8000030517578,6300
2017-11-28,115.4000015258789,122.5999984741211,115.4000015258789,122.0,122.0,16100
2017-11-29,121.1999969482422,122.8000030517578,118.8000030517578,121.0,121.0,9100
2017-11-30,113.5999984741211,116.5999984741211,84.0,87.0,87.0,89400
2017-12-01,91.0,95.4000015258789,87.0,87.5999984741211,87.5999984741211,52700
2017-12-04,88.80000305175781,93.0,86.19999694824219,87.4000015258789,87.4000015258789,27300
2017-12-05,88.5999984741211,92.0,87.0,87.80000305175781,87.80000305175781,18900
2017-12-06,87.80000305175781,88.4000015258789,84.19999694824219,87.5999984741211,87.5999984741211,12200
2017-12-07,87.80000305175781,88.5999984741211,85.0,86.0,86.0,12500
2017-12-08,85.4000015258789,92.1999969482422,85.4000015258789,87.0,87.0,8300
2017-12-11,85.80000305175781,87.80000305175781,84.19999694824219,85.19999694824219,85.19999694824219,9600
2017-12-12,85.19999694824219,88.19999694824219,84.0,87.80000305175781,87.80000305175781,21100
2017-12-13,88.0,89.80000305175781,86.4000015258789,88.0,88.0,7300
2017-12-14,87.19999694824219,89.0,85.0,85.19999694824219,85.19999694824219,7700
2017-12-15,85.4000015258789,87.5999984741211,85.19999694824219,86.0,86.0,7600
2017-12-18,87.0,89.19999694824219,85.5999984741211,87.4000015258789,87.4000015258789,9900
2017-12-19,87.0,88.0,85.5999984741211,87.0,87.0,4200
2017-12-20,85.5999984741211,87.5999984741211,84.80000305175781,86.19999694824219,86.19999694824219,7000
2017-12-21,85.80000305175781,86.5999984741211,85.0,85.80000305175781,85.80000305175781,5400
2017-12-22,86.0,86.19999694824219,85.0,86.19999694824219,86.19999694824219,7000
2017-12-26,86.0,86.4000015258789,80.4000015258789,82.0,82.0,21600
2017-12-27,81.4000015258789,86.5999984741211,81.0,82.5999984741211,82.5999984741211,13500
2017-12-28,82.0,84.80000305175781,81.0,84.4000015258789,84.4000015258789,8300
2017-12-29,85.0,85.0,82.80000305175781,83.4000015258789,83.4000015258789,6200
2018-01-02,84.19999694824219,84.5999984741211,82.80000305175781,83.19999694824219,83.19999694824219,5900
2018-01-03,83.4000015258789,84.0,82.0,83.4000015258789,83.4000015258789,7000
2018-01-04,83.4000015258789,84.4000015258789,82.19999694824219,84.19999694824219,84.19999694824219,5800
2018-01-05,84.0,84.80000305175781,83.0,83.19999694824219,83.19999694824219,4500
2018-01-08,83.19999694824219,85.19999694824219,80.80000305175781,83.0,83.0,22400
2018-01-09,82.5999984741211,83.80000305175781,80.80000305175781,83.0,83.0,6900
2018-01-10,83.0,84.19999694824219,81.5999984741211,81.80000305175781,81.80000305175781,4600
2018-01-11,81.80000305175781,83.19999694824219,81.0,81.4000015258789,81.4000015258789,5600
2018-01-12,81.5999984741211,82.5999984741211,80.5999984741211,81.0,81.0,9600
2018-01-16,82.5999984741211,82.80000305175781,81.0,81.19999694824219,81.19999694824219,6700
2018-01-17,80.5999984741211,81.5999984741211,80.19999694824219,81.19999694824219,81.19999694824219,6800
2018-01-18,81.0,82.0,80.0,81.19999694824219,81.19999694824219,13500
2018-01-19,81.19999694824219,81.80000305175781,80.0,80.80000305175781,80.80000305175781,7500
2018-01-22,80.19999694824219,81.5999984741211,78.0,80.80000305175781,80.80000305175781,9800
2018-01-23,81.0,81.19999694824219,79.19999694824219,79.5999984741211,79.5999984741211,4400
2018-01-24,79.5999984741211,81.4000015258789,79.0,79.0,79.0,6600
2018-01-25,80.80000305175781,81.0,79.0,79.4000015258789,79.4000015258789,5500
2018-01-26,80.80000305175781,85.19999694824219,79.0,84.80000305175781,84.80000305175781,30100
2018-01-29,85.0,88.80000305175781,84.19999694824219,85.4000015258789,85.4000015258789,13000
2018-01-30,85.0,85.19999694824219,81.0,83.80000305175781,83.80000305175781,7900
2018-01-31,83.5999984741211,84.80000305175781,81.5999984741211,84.4000015258789,84.4000015258789,7200
2018-02-01,83.80000305175781,84.0,82.0,82.5999984741211,82.5999984741211,5400
2018-02-02,82.19999694824219,82.19999694824219,77.0,81.5999984741211,81.5999984741211,12600
2018-02-05,80.5999984741211,81.0,78.0,78.0,78.0,8400
2018-02-06,77.5999984741211,79.5999984741211,77.19999694824219,79.19999694824219,79.19999694824219,4900
2018-02-07,79.19999694824219,81.0,78.4000015258789,80.80000305175781,80.80000305175781,4100
2018-02-08,80.80000305175781,82.0,79.19999694824219,80.19999694824219,80.19999694824219,5500
2018-02-09,81.0,81.5999984741211,78.4000015258789,80.0,80.0,6400
2018-02-12,80.19999694824219,80.4000015258789,79.80000305175781,80.4000015258789,80.4000015258789,2700
2018-02-13,80.0,80.5999984741211,79.80000305175781,80.5999984741211,80.5999984741211,4700
2018-02-14,80.5999984741211,81.0,79.5999984741211,80.80000305175781,80.80000305175781,2500
2018-02-15,80.5999984741211,82.0,80.5999984741211,81.80000305175781,81.80000305175781,6900
2018-02-16,81.80000305175781,83.0,79.5999984741211,80.19999694824219,80.19999694824219,5600
2018-02-20,80.19999694824219,80.80000305175781,77.5999984741211,78.80000305175781,78.80000305175781,5400
2018-02-21,79.80000305175781,80.80000305175781,78.0,80.19999694824219,80.19999694824219,6300
2018-02-22,79.80000305175781,81.0,78.4000015258789,78.5999984741211,78.5999984741211,1500
2018-02-23,79.5999984741211,81.80000305175781,78.80000305175781,80.19999694824219,80.19999694824219,4900
2018-02-26,80.80000305175781,80.80000305175781,79.19999694824219,79.80000305175781,79.80000305175781,3400
2018-02-27,79.80000305175781,81.5999984741211,79.80000305175781,80.4000015258789,80.4000015258789,3400
2018-02-28,81.19999694824219,81.19999694824219,80.4000015258789,80.80000305175781,80.80000305175781,3500
2018-03-01,81.0,83.0,80.4000015258789,82.4000015258789,82.4000015258789,4500
2018-03-02,82.19999694824219,84.0,82.19999694824219,82.5999984741211,82.5999984741211,6600
2018-03-05,82.80000305175781,84.0,82.80000305175781,83.80000305175781,83.80000305175781,2700
2018-03-06,83.4000015258789,86.19999694824219,83.4000015258789,85.5999984741211,85.5999984741211,7600
2018-03-07,85.4000015258789,87.0,83.5999984741211,83.80000305175781,83.80000305175781,3500
2018-03-08,83.4000015258789,86.19999694824219,80.0,82.80000305175781,82.80000305175781,7200
2018-03-09,83.80000305175781,84.80000305175781,82.80000305175781,83.4000015258789,83.4000015258789,2700
2018-03-12,84.0,86.19999694824219,82.4000015258789,83.80000305175781,83.80000305175781,5100
2018-03-13,83.5999984741211,85.5999984741211,83.19999694824219,84.80000305175781,84.80000305175781,1900
2018-03-14,86.0,88.19999694824219,85.19999694824219,87.80000305175781,87.80000305175781,6700
2018-03-15,87.0,88.5999984741211,86.19999694824219,86.80000305175781,86.80000305175781,3500
2018-03-16,87.0,88.0,86.19999694824219,88.0,88.0,4600
2018-03-19,88.4000015258789,88.4000015258789,85.0,86.4000015258789,86.4000015258789,3300
2018-03-20,86.80000305175781,86.80000305175781,84.5999984741211,85.5999984741211,85.5999984741211,2800
2018-03-21,85.4000015258789,86.4000015258789,84.0,85.19999694824219,85.19999694824219,2900
2018-03-22,84.4000015258789,85.5999984741211,81.19999694824219,84.19999694824219,84.19999694824219,5600
2018-03-23,84.4000015258789,84.4000015258789,81.4000015258789,82.19999694824219,82.19999694824219,2100
2018-03-26,83.80000305175781,84.4000015258789,80.80000305175781,83.80000305175781,83.80000305175781,3600
2018-03-27,84.19999694824219,87.80000305175781,84.0,85.19999694824219,85.19999694824219,3300
2018-03-28,85.80000305175781,85.80000305175781,81.4000015258789,82.4000015258789,82.4000015258789,2500
2018-03-29,82.4000015258789,84.80000305175781,82.4000015258789,83.4000015258789,83.4000015258789,2100
2018-04-02,83.80000305175781,85.0,81.4000015258789,82.0,82.0,3500
2018-04-03,83.4000015258789,85.0,83.0,84.19999694824219,84.19999694824219,1400
2018-04-04,83.80000305175781,86.4000015258789,83.4000015258789,86.4000015258789,86.4000015258789,2600
2018-04-05,86.4000015258789,87.0,85.0,85.0,85.0,1700
2018-04-06,84.4000015258789,86.0,83.19999694824219,84.0,84.0,2100
2018-04-09,84.0,84.80000305175781,83.0,83.80000305175781,83.80000305175781,1700
2018-04-10,85.0,85.0,81.0,82.19999694824219,82.19999694824219,11500
2018-04-11,80.80000305175781,82.19999694824219,80.0,80.19999694824219,80.19999694824219,7300
2018-04-12,81.19999694824219,81.80000305175781,79.19999694824219,79.80000305175781,79.80000305175781,4200
2018-04-13,80.0,81.80000305175781,78.0,78.19999694824219,78.19999694824219,5500
2018-04-16,78.80000305175781,80.5999984741211,78.5999984741211,80.0,80.0,4200
2018-04-17,80.5999984741211,80.5999984741211,78.4000015258789,79.4000015258789,79.4000015258789,10200
2018-04-18,79.19999694824219,80.0,79.19999694824219,79.5999984741211,79.5999984741211,2700
2018-04-19,80.0,80.0,77.5999984741211,79.80000305175781,79.80000305175781,6900
2018-04-20,78.80000305175781,80.0,78.80000305175781,79.5999984741211,79.5999984741211,4600
2018-04-23,80.0,80.0,78.0,78.19999694824219,78.19999694824219,5500
2018-04-24,78.5999984741211,78.5999984741211,76.0,76.80000305175781,76.80000305175781,16200
2018-04-25,77.0,77.0,73.5999984741211,74.0,74.0,11300
2018-04-26,75.0,75.0,72.80000305175781,74.0,74.0,8700
2018-04-27,74.0,74.80000305175781,73.4000015258789,74.5999984741211,74.5999984741211,6200
2018-04-30,75.4000015258789,76.5999984741211,74.80000305175781,75.5999984741211,75.5999984741211,4700
2018-05-01,74.0,75.5999984741211,73.4000015258789,74.0,74.0,6000
2018-05-02,74.0,75.0,73.5999984741211,74.5999984741211,74.5999984741211,4000
2018-05-03,74.0,74.19999694824219,72.5999984741211,74.0,74.0,7000
2018-05-04,74.0,75.19999694824219,70.19999694824219,70.80000305175781,70.80000305175781,13500
2018-05-07,71.4000015258789,72.0,65.19999694824219,66.19999694824219,66.19999694824219,21700
2018-05-08,66.0,67.59999847412111,63.599998474121094,64.0,64.0,13600
2018-05-09,64.40000152587889,64.80000305175781,63.4000015258789,64.80000305175781,64.80000305175781,7400
2018-05-10,65.0,65.59999847412111,32.400001525878906,33.0,33.0,95700
2018-05-11,43.0,68.0,42.79999923706055,58.20000076293945,58.20000076293945,460500
2018-05-14,57.20000076293945,62.0,50.20000076293945,50.79999923706055,50.79999923706055,86200
2018-05-15,51.20000076293945,51.79999923706055,43.20000076293945,48.4000015258789,48.4000015258789,45400
2018-05-16,47.599998474121094,48.79999923706055,44.20000076293945,45.4000015258789,45.4000015258789,41200
2018-05-17,45.79999923706055,50.20000076293945,44.599998474121094,49.599998474121094,49.599998474121094,32500
2018-05-18,49.4000015258789,49.4000015258789,45.4000015258789,46.0,46.0,25600
2018-05-21,46.0,46.20000076293945,43.400001525878906,44.400001525878906,44.400001525878906,18400
2018-05-22,43.79999923706055,46.599998474121094,43.79999923706055,46.20000076293945,46.20000076293945,10300
2018-05-23,45.79999923706055,46.599998474121094,45.0,45.20000076293945,45.20000076293945,8800
2018-05-24,45.4000015258789,45.79999923706055,44.20000076293945,45.79999923706055,45.79999923706055,8700
2018-05-25,45.599998474121094,45.79999923706055,44.0,45.599998474121094,45.599998474121094,10200
2018-05-29,45.4000015258789,48.0,45.0,46.4000015258789,46.4000015258789,12600
2018-05-30,46.599998474121094,47.79999923706055,46.4000015258789,47.599998474121094,47.599998474121094,7700
2018-05-31,47.599998474121094,47.79999923706055,46.20000076293945,47.4000015258789,47.4000015258789,5000
2018-06-01,47.20000076293945,50.4000015258789,46.0,50.0,50.0,11400
2018-06-04,50.599998474121094,53.4000015258789,50.20000076293945,52.0,52.0,16100
2018-06-05,53.0,61.4000015258789,53.0,59.20000076293945,59.20000076293945,39600
2018-06-06,58.79999923706055,59.20000076293945,52.599998474121094,52.599998474121094,52.599998474121094,28800
2018-06-07,53.0,56.79999923706055,51.599998474121094,51.79999923706055,51.79999923706055,9500
2018-06-08,52.0,53.79999923706055,49.79999923706055,50.0,50.0,13600
2018-06-11,49.20000076293945,51.0,49.0,50.4000015258789,50.4000015258789,6300
2018-06-12,50.4000015258789,52.79999923706055,50.0,50.4000015258789,50.4000015258789,6300
2018-06-13,50.0,50.599998474121094,49.20000076293945,49.4000015258789,49.4000015258789,6900
2018-06-14,50.79999923706055,50.79999923706055,49.0,50.599998474121094,50.599998474121094,8400
2018-06-15,50.20000076293945,51.599998474121094,50.0,51.4000015258789,51.4000015258789,7100
2018-06-18,50.4000015258789,53.599998474121094,50.20000076293945,52.20000076293945,52.20000076293945,9900
2018-06-19,51.20000076293945,51.20000076293945,47.0,49.0,49.0,13300
2018-06-20,49.20000076293945,49.4000015258789,48.20000076293945,48.4000015258789,48.4000015258789,4200
2018-06-21,48.0,48.4000015258789,46.20000076293945,47.20000076293945,47.20000076293945,9200
2018-06-22,47.4000015258789,48.20000076293945,46.599998474121094,46.79999923706055,46.79999923706055,5000
2018-06-25,46.79999923706055,47.20000076293945,43.599998474121094,45.79999923706055,45.79999923706055,13700
2018-06-26,46.20000076293945,49.0,46.20000076293945,47.4000015258789,47.4000015258789,6000
2018-06-27,47.79999923706055,47.79999923706055,45.0,46.0,46.0,5000
2018-06-28,45.0,46.4000015258789,44.599998474121094,44.79999923706055,44.79999923706055,5200
2018-06-29,45.0,46.4000015258789,44.400001525878906,44.400001525878906,44.400001525878906,5000
2018-07-02,45.0,46.0,44.599998474121094,45.599998474121094,45.599998474121094,3200
2018-07-03,45.79999923706055,47.0,45.599998474121094,45.79999923706055,45.79999923706055,2100
2018-07-05,45.599998474121094,46.599998474121094,45.20000076293945,45.20000076293945,45.20000076293945,3900
2018-07-06,45.20000076293945,45.79999923706055,44.0,44.0,44.0,8300
2018-07-09,44.400001525878906,45.0,43.0,43.0,43.0,7300
2018-07-10,43.400001525878906,43.79999923706055,43.0,43.400001525878906,43.400001525878906,3200
2018-07-11,43.400001525878906,43.599998474121094,42.20000076293945,42.599998474121094,42.599998474121094,4800
2018-07-12,42.400001525878906,43.0,40.599998474121094,40.79999923706055,40.79999923706055,9300
2018-07-13,40.79999923706055,42.599998474121094,40.79999923706055,41.400001525878906,41.400001525878906,5600
2018-07-16,41.0,42.0,39.400001525878906,39.599998474121094,39.599998474121094,9300
2018-07-17,40.0,40.400001525878906,39.0,39.0,39.0,7400
2018-07-18,39.0,39.400001525878906,38.20000076293945,39.20000076293945,39.20000076293945,6000
2018-07-19,39.79999923706055,40.0,39.0,39.79999923706055,39.79999923706055,3300
2018-07-20,39.400001525878906,40.599998474121094,39.0,39.400001525878906,39.400001525878906,7400
2018-07-23,40.20000076293945,41.599998474121094,39.599998474121094,40.0,40.0,9600
2018-07-24,39.79999923706055,40.20000076293945,38.400001525878906,39.400001525878906,39.400001525878906,4800
2018-07-25,39.0,39.599998474121094,38.400001525878906,39.400001525878906,39.400001525878906,3700
2018-07-26,39.400001525878906,40.599998474121094,38.599998474121094,40.599998474121094,40.599998474121094,7800
2018-07-27,40.400001525878906,42.0,40.400001525878906,40.400001525878906,40.400001525878906,7300
2018-07-30,40.400001525878906,40.79999923706055,38.79999923706055,40.599998474121094,40.599998474121094,10500
2018-07-31,40.400001525878906,40.400001525878906,36.0,36.0,36.0,33600
2018-08-01,37.0,37.79999923706055,36.0,36.20000076293945,36.20000076293945,10600
2018-08-02,37.0,37.599998474121094,36.0,36.79999923706055,36.79999923706055,6200
2018-08-03,37.400001525878906,39.0,37.400001525878906,38.400001525878906,38.400001525878906,5900
2018-08-06,39.0,39.79999923706055,38.20000076293945,38.79999923706055,38.79999923706055,5200
2018-08-07,38.599998474121094,39.599998474121094,38.0,38.400001525878906,38.400001525878906,4000
2018-08-08,38.400001525878906,38.79999923706055,37.20000076293945,37.599998474121094,37.599998474121094,4700
2018-08-09,37.20000076293945,37.400001525878906,36.400001525878906,36.79999923706055,36.79999923706055,5100
2018-08-10,36.0,36.599998474121094,34.799999237060554,35.400001525878906,35.400001525878906,14100
2018-08-13,35.599998474121094,35.79999923706055,33.799999237060554,34.59999847412109,34.59999847412109,5900
2018-08-14,36.0,36.599998474121094,35.20000076293945,35.599998474121094,35.599998474121094,8800
2018-08-15,35.0,35.599998474121094,33.59999847412109,35.0,35.0,6100
2018-08-16,34.0,34.400001525878906,31.399999618530273,33.0,33.0,19200
2018-08-17,32.400001525878906,33.0,32.200000762939446,32.59999847412109,32.59999847412109,7400
2018-08-20,32.0,34.59999847412109,32.0,34.0,34.0,6700
2018-08-21,33.59999847412109,34.59999847412109,32.59999847412109,34.400001525878906,34.400001525878906,5500
2018-08-22,35.20000076293945,36.0,34.799999237060554,36.0,36.0,8000
2018-08-23,36.0,36.400001525878906,34.0,34.59999847412109,34.59999847412109,5200
2018-08-24,35.79999923706055,35.79999923706055,33.200000762939446,33.59999847412109,33.59999847412109,8100
2018-08-27,33.200000762939446,35.20000076293945,33.200000762939446,34.799999237060554,34.799999237060554,5000
2018-08-28,34.59999847412109,34.59999847412109,33.799999237060554,34.200000762939446,34.200000762939446,4600
2018-08-29,34.0,36.0,33.799999237060554,35.599998474121094,35.599998474121094,4700
2018-08-30,35.599998474121094,35.599998474121094,35.0,35.400001525878906,35.400001525878906,2200
2018-08-31,35.0,37.0,34.799999237060554,36.400001525878906,36.400001525878906,8100
2018-09-04,37.0,37.400001525878906,35.20000076293945,35.400001525878906,35.400001525878906,3600
2018-09-05,35.20000076293945,35.79999923706055,35.0,35.599998474121094,35.599998474121094,2200
2018-09-06,35.400001525878906,35.599998474121094,35.0,35.20000076293945,35.20000076293945,2600
2018-09-07,35.0,35.0,33.59999847412109,33.59999847412109,33.59999847412109,3000
2018-09-10,34.200000762939446,34.200000762939446,33.200000762939446,33.400001525878906,33.400001525878906,3100
2018-09-11,33.200000762939446,33.799999237060554,33.200000762939446,33.400001525878906,33.400001525878906,2100
2018-09-12,33.59999847412109,34.400001525878906,33.400001525878906,34.400001525878906,34.400001525878906,2500
2018-09-13,34.200000762939446,34.799999237060554,33.799999237060554,34.400001525878906,34.400001525878906,2900
2018-09-14,34.400001525878906,35.0,34.200000762939446,34.799999237060554,34.799999237060554,2300
2018-09-17,34.59999847412109,34.59999847412109,33.0,33.200000762939446,33.200000762939446,5500
2018-09-18,33.0,33.799999237060554,32.799999237060554,33.200000762939446,33.200000762939446,5500
2018-09-19,33.59999847412109,34.0,32.59999847412109,33.400001525878906,33.400001525878906,1600
2018-09-20,33.400001525878906,34.400001525878906,33.400001525878906,34.200000762939446,34.200000762939446,3900
2018-09-21,34.0,36.79999923706055,33.400001525878906,36.599998474121094,36.599998474121094,7000
2018-09-24,36.20000076293945,36.79999923706055,35.79999923706055,35.79999923706055,35.79999923706055,9200
2018-09-25,35.79999923706055,36.0,32.799999237060554,33.400001525878906,33.400001525878906,13400
2018-09-26,33.799999237060554,34.400001525878906,33.0,33.400001525878906,33.400001525878906,4000
2018-09-27,33.200000762939446,34.0,33.0,33.59999847412109,33.59999847412109,1900
2018-09-28,33.59999847412109,34.0,33.400001525878906,33.799999237060554,33.799999237060554,1600
2018-10-01,33.799999237060554,34.200000762939446,33.0,33.400001525878906,33.400001525878906,3000
2018-10-02,33.200000762939446,34.0,33.200000762939446,33.400001525878906,33.400001525878906,1700
2018-10-03,33.400001525878906,33.59999847412109,33.0,33.200000762939446,33.200000762939446,2100
2018-10-04,33.400001525878906,33.400001525878906,32.0,32.200000762939446,32.200000762939446,6700
2018-10-05,32.200000762939446,32.59999847412109,31.60000038146973,32.0,32.0,3900
2018-10-08,31.60000038146973,32.200000762939446,31.60000038146973,32.0,32.0,2400
2018-10-09,32.400001525878906,32.400001525878906,30.79999923706055,31.0,31.0,5500
2018-10-10,31.0,31.0,30.0,30.20000076293945,30.20000076293945,13400
2018-10-11,30.20000076293945,30.20000076293945,28.0,29.60000038146973,29.60000038146973,9500
2018-10-12,29.60000038146973,30.399999618530273,29.399999618530273,30.0,30.0,4600
2018-10-15,29.79999923706055,29.79999923706055,28.0,28.20000076293945,28.20000076293945,11100
2018-10-16,28.0,29.60000038146973,28.0,29.399999618530273,29.399999618530273,6400
2018-10-17,27.0,27.0,16.799999237060547,19.600000381469727,19.600000381469727,94800
2018-10-18,19.200000762939453,19.600000381469727,16.0,16.0,16.0,76600
2018-10-19,15.600000381469727,17.600000381469727,15.0,16.200000762939453,16.200000762939453,22600
2018-10-22,16.200000762939453,16.799999237060547,15.199999809265135,15.399999618530273,15.399999618530273,12800
2018-10-23,15.800000190734865,16.0,15.0,15.0,15.0,13600
2018-10-24,15.0,17.0,15.0,15.800000190734865,15.800000190734865,38800
2018-10-25,16.200000762939453,16.399999618530273,15.0,15.199999809265135,15.199999809265135,10100
2018-10-26,15.199999809265135,15.399999618530273,13.800000190734865,14.0,14.0,13200
2018-10-29,14.0,14.199999809265135,12.399999618530273,12.800000190734865,12.800000190734865,18500
2018-10-30,13.399999618530273,15.0,12.600000381469727,14.0,14.0,16600
2018-10-31,14.199999809265135,15.0,13.600000381469727,14.800000190734865,14.800000190734865,16700
2018-11-01,15.199999809265135,15.800000190734865,14.600000381469727,15.399999618530273,15.399999618530273,11500
2018-11-02,15.199999809265135,15.800000190734865,14.800000190734865,14.800000190734865,14.800000190734865,10900
2018-11-05,14.800000190734865,15.0,14.0,14.199999809265135,14.199999809265135,8300
2018-11-06,14.800000190734865,15.0,14.199999809265135,14.399999618530273,14.399999618530273,3800
2018-11-07,14.199999809265135,14.600000381469727,13.399999618530273,14.0,14.0,9400
2018-11-08,14.0,14.0,12.600000381469727,13.0,13.0,9100
2018-11-09,13.0,13.0,12.0,12.0,12.0,15700
2018-11-12,12.0,12.0,10.0,10.199999809265137,10.199999809265137,17100
2018-11-13,10.399999618530273,11.399999618530273,10.0,11.199999809265137,11.199999809265137,26500
2018-11-14,11.600000381469727,12.600000381469727,11.199999809265137,11.399999618530273,11.399999618530273,9500
2018-11-15,11.399999618530273,12.399999618530273,11.399999618530273,12.0,12.0,5900
2018-11-16,12.0,12.199999809265135,11.399999618530273,11.399999618530273,11.399999618530273,3600
2018-11-19,11.399999618530273,11.399999618530273,10.0,10.199999809265137,10.199999809265137,10400
2018-11-20,10.199999809265137,10.800000190734863,10.0,10.399999618530273,10.399999618530273,8500
2018-11-21,10.600000381469727,12.0,10.600000381469727,11.399999618530273,11.399999618530273,4700
2018-11-23,11.199999809265137,11.399999618530273,11.199999809265137,11.399999618530273,11.399999618530273,600
2018-11-26,11.399999618530273,11.399999618530273,10.600000381469727,10.800000190734863,10.800000190734863,3100
2018-11-27,10.800000190734863,10.800000190734863,10.399999618530273,10.399999618530273,10.399999618530273,2600
2018-11-28,10.399999618530273,10.600000381469727,10.0,10.399999618530273,10.399999618530273,5400
2018-11-29,10.399999618530273,11.199999809265137,10.399999618530273,11.0,11.0,7000
2018-11-30,11.600000381469727,12.399999618530273,11.199999809265137,11.199999809265137,11.199999809265137,12100
2018-12-03,11.199999809265137,12.0,11.0,11.199999809265137,11.199999809265137,4400
2018-12-04,11.199999809265137,11.199999809265137,10.600000381469727,10.600000381469727,10.600000381469727,4600
2018-12-06,10.399999618530273,10.600000381469727,8.600000381469728,10.399999618530273,10.399999618530273,16700
2018-12-07,10.600000381469727,10.800000190734863,10.199999809265137,10.600000381469727,10.600000381469727,4100
2018-12-10,10.399999618530273,10.600000381469727,10.0,10.199999809265137,10.199999809265137,6600
2018-12-11,10.199999809265137,10.199999809265137,9.800000190734863,9.800000190734863,9.800000190734863,10900
2018-12-12,10.0,10.199999809265137,9.199999809265137,9.199999809265137,9.199999809265137,6900
2018-12-13,9.199999809265137,9.399999618530273,8.199999809265138,8.199999809265138,8.199999809265138,7800
2018-12-14,8.800000190734863,8.800000190734863,8.0,8.199999809265138,8.199999809265138,9400
2018-12-17,8.0,8.399999618530272,8.0,8.0,8.0,8300
2018-12-18,8.199999809265138,8.399999618530272,6.0,7.4000000953674325,7.4000000953674325,23300
2018-12-19,7.4000000953674325,7.5999999046325675,7.199999809265138,7.4000000953674325,7.4000000953674325,5600
2018-12-20,7.4000000953674325,7.4000000953674325,6.0,6.199999809265138,6.199999809265138,18300
2018-12-21,6.199999809265138,6.800000190734862,6.0,6.199999809265138,6.199999809265138,9700
2018-12-24,6.199999809265138,6.4000000953674325,6.199999809265138,6.4000000953674325,6.4000000953674325,3700
2018-12-26,6.5999999046325675,10.399999618530273,6.5999999046325675,8.199999809265138,8.199999809265138,120300
2018-12-27,12.399999618530273,12.399999618530273,9.600000381469727,10.199999809265137,10.199999809265137,239600
2018-12-28,9.800000190734863,10.199999809265137,8.0,8.800000190734863,8.800000190734863,65300
2018-12-31,8.399999618530272,8.800000190734863,7.199999809265138,8.399999618530272,8.399999618530272,34600
2019-01-02,9.399999618530273,11.0,9.0,9.600000381469727,9.600000381469727,58500
2019-01-03,9.800000190734863,10.0,8.800000190734863,9.399999618530273,9.399999618530273,17200
2019-01-04,9.399999618530273,9.600000381469727,9.0,9.199999809265137,9.199999809265137,9000
2019-01-07,9.399999618530273,9.399999618530273,8.199999809265138,8.800000190734863,8.800000190734863,16000
2019-01-08,10.0,15.399999618530273,9.600000381469727,14.399999618530273,14.399999618530273,141900
2019-01-09,16.399999618530273,19.0,12.600000381469727,13.399999618530273,13.399999618530273,180500
2019-01-10,13.800000190734865,20.600000381469727,13.399999618530273,19.600000381469727,19.600000381469727,125300
2019-01-11,19.799999237060547,20.600000381469727,17.600000381469727,18.200000762939453,18.200000762939453,83200
2019-01-14,18.200000762939453,18.399999618530273,16.600000381469727,17.200000762939453,17.200000762939453,26000
2019-01-15,17.399999618530273,17.399999618530273,14.199999809265135,15.800000190734865,15.800000190734865,46600
2019-01-16,16.200000762939453,18.0,15.0,17.200000762939453,17.200000762939453,48600
2019-01-17,17.399999618530273,17.399999618530273,15.600000381469727,16.0,16.0,15800
2019-01-18,15.800000190734865,16.399999618530273,15.600000381469727,15.600000381469727,15.600000381469727,6300
2019-01-22,15.600000381469727,21.399999618530273,15.600000381469727,21.0,21.0,145200
2019-01-23,20.600000381469727,22.200000762939453,18.799999237060547,20.399999618530273,20.399999618530273,93000
2019-01-24,20.0,20.0,18.200000762939453,18.799999237060547,18.799999237060547,25500
2019-01-25,18.799999237060547,19.799999237060547,18.399999618530273,18.399999618530273,18.399999618530273,13500
2019-01-28,18.200000762939453,19.399999618530273,17.0,18.200000762939453,18.200000762939453,17100
2019-01-29,18.200000762939453,19.399999618530273,18.0,18.399999618530273,18.399999618530273,13600
2019-01-30,18.399999618530273,18.600000381469727,17.399999618530273,18.0,18.0,12900
2019-01-31,17.399999618530273,18.600000381469727,17.399999618530273,18.600000381469727,18.600000381469727,7800
2019-02-01,18.399999618530273,21.0,18.200000762939453,19.600000381469727,19.600000381469727,30200
2019-02-04,20.799999237060547,23.20000076293945,20.200000762939453,21.399999618530273,21.399999618530273,74900
2019-02-05,21.600000381469727,21.600000381469727,20.0,21.0,21.0,17100
2019-02-06,21.0,21.0,20.0,20.399999618530273,20.399999618530273,6300
2019-02-07,20.200000762939453,20.399999618530273,18.799999237060547,20.399999618530273,20.399999618530273,11300
2019-02-08,20.0,20.399999618530273,18.600000381469727,20.200000762939453,20.200000762939453,8600
2019-02-11,19.399999618530273,20.200000762939453,19.0,20.200000762939453,20.200000762939453,6100
2019-02-12,20.399999618530273,20.799999237060547,20.0,20.399999618530273,20.399999618530273,10000
2019-02-13,21.399999618530273,21.799999237060547,20.200000762939453,20.600000381469727,20.600000381469727,16600
2019-02-14,20.399999618530273,20.600000381469727,20.0,20.600000381469727,20.600000381469727,3500
2019-02-15,20.399999618530273,20.600000381469727,19.200000762939453,20.0,20.0,9400
2019-02-19,20.0,20.0,19.399999618530273,19.799999237060547,19.799999237060547,7100
2019-02-20,19.799999237060547,19.799999237060547,18.399999618530273,18.600000381469727,18.600000381469727,18000
2019-02-21,18.799999237060547,20.200000762939453,18.399999618530273,19.799999237060547,19.799999237060547,17300
2019-02-22,19.600000381469727,20.399999618530273,19.0,20.0,20.0,8100
2019-02-25,20.200000762939453,20.200000762939453,18.799999237060547,19.399999618530273,19.399999618530273,10000
2019-02-26,22.399999618530273,24.399999618530273,19.399999618530273,23.60000038146973,23.60000038146973,171500
2019-02-27,23.0,23.20000076293945,20.799999237060547,21.399999618530273,21.399999618530273,32200
2019-02-28,21.200000762939453,21.600000381469727,20.399999618530273,20.600000381469727,20.600000381469727,10900
2019-03-01,20.399999618530273,21.399999618530273,20.200000762939453,20.799999237060547,20.799999237060547,17900
2019-03-04,20.799999237060547,21.0,20.600000381469727,20.799999237060547,20.799999237060547,5300
2019-03-05,21.399999618530273,22.200000762939453,20.399999618530273,20.799999237060547,20.799999237060547,14400
2019-03-06,21.399999618530273,21.799999237060547,21.0,21.799999237060547,21.799999237060547,19000
2019-03-07,22.0,22.200000762939453,20.600000381469727,21.0,21.0,16700
2019-03-08,20.799999237060547,21.200000762939453,20.600000381469727,21.200000762939453,21.200000762939453,8500
2019-03-11,22.0,22.79999923706055,21.399999618530273,21.799999237060547,21.799999237060547,35300
2019-03-12,22.0,22.0,21.399999618530273,21.799999237060547,21.799999237060547,9600
2019-03-13,21.799999237060547,22.79999923706055,21.799999237060547,22.60000038146973,22.60000038146973,18800
2019-03-14,22.79999923706055,22.79999923706055,22.0,22.399999618530273,22.399999618530273,4700
2019-03-15,22.399999618530273,23.60000038146973,22.0,23.60000038146973,23.60000038146973,22600
2019-03-18,24.0,24.399999618530273,23.60000038146973,24.399999618530273,24.399999618530273,15600
2019-03-19,24.399999618530273,29.20000076293945,24.0,27.399999618530273,27.399999618530273,51400
2019-03-20,27.399999618530273,35.79999923706055,27.20000076293945,33.0,33.0,100800
2019-03-21,35.20000076293945,35.20000076293945,31.0,31.399999618530273,31.399999618530273,40800
2019-03-22,31.399999618530273,32.400001525878906,28.0,29.399999618530273,29.399999618530273,31500
2019-03-25,30.0,30.79999923706055,30.0,30.399999618530273,30.399999618530273,9100
2019-03-26,33.59999847412109,37.0,33.200000762939446,35.0,35.0,117800
2019-03-27,36.0,37.0,31.60000038146973,34.0,34.0,63100
2019-03-28,35.0,35.0,33.200000762939446,34.400001525878906,34.400001525878906,18200
2019-03-29,34.59999847412109,35.0,33.400001525878906,33.799999237060554,33.799999237060554,15400
2019-04-01,33.200000762939446,34.400001525878906,33.200000762939446,33.400001525878906,33.400001525878906,17200
2019-04-02,30.60000038146973,31.60000038146973,27.0,28.79999923706055,28.79999923706055,58300
2019-04-03,31.0,31.20000076293945,29.0,30.20000076293945,30.20000076293945,17600
2019-04-04,30.399999618530273,32.799999237060554,30.0,32.200000762939446,32.200000762939446,20700
2019-04-05,33.200000762939446,33.200000762939446,32.0,32.400001525878906,32.400001525878906,23000
2019-04-08,32.59999847412109,33.799999237060554,32.400001525878906,33.200000762939446,33.200000762939446,12100
2019-04-09,33.799999237060554,35.0,29.399999618530273,30.79999923706055,30.79999923706055,25600
2019-04-10,31.399999618530273,32.0,29.79999923706055,30.399999618530273,30.399999618530273,15900
2019-04-11,30.60000038146973,30.79999923706055,29.0,29.79999923706055,29.79999923706055,10600
2019-04-12,30.20000076293945,30.20000076293945,26.0,26.399999618530273,26.399999618530273,35600
2019-04-15,26.79999923706055,29.0,26.79999923706055,28.79999923706055,28.79999923706055,17000
2019-04-16,29.60000038146973,30.79999923706055,29.0,30.20000076293945,30.20000076293945,20400
2019-04-17,30.399999618530273,30.79999923706055,28.20000076293945,29.0,29.0,16000
2019-04-18,29.0,29.79999923706055,29.0,29.399999618530273,29.399999618530273,7600
2019-04-22,29.20000076293945,29.399999618530273,28.20000076293945,28.60000038146973,28.60000038146973,7700
2019-04-23,28.0,28.60000038146973,27.20000076293945,27.79999923706055,27.79999923706055,10100
2019-04-24,27.60000038146973,29.399999618530273,27.20000076293945,29.20000076293945,29.20000076293945,9600
2019-04-25,29.20000076293945,29.20000076293945,27.399999618530273,28.0,28.0,6000
2019-04-26,27.79999923706055,29.0,27.399999618530273,29.0,29.0,4000
2019-04-29,29.0,30.79999923706055,28.399999618530273,29.60000038146973,29.60000038146973,21700
2019-04-30,30.20000076293945,30.20000076293945,28.0,29.0,29.0,5800
2019-05-01,28.79999923706055,29.0,28.399999618530273,28.399999618530273,28.399999618530273,3000
2019-05-02,28.399999618530273,28.60000038146973,27.399999618530273,28.60000038146973,28.60000038146973,8000
2019-05-03,29.0,30.60000038146973,28.60000038146973,29.20000076293945,29.20000076293945,28200
2019-05-06,28.20000076293945,28.79999923706055,28.0,28.0,28.0,5300
2019-05-07,28.20000076293945,29.0,28.0,28.60000038146973,28.60000038146973,7200
2019-05-08,28.79999923706055,28.79999923706055,27.399999618530273,27.79999923706055,27.79999923706055,6500
2019-05-09,27.60000038146973,27.60000038146973,27.0,27.20000076293945,27.20000076293945,4000
2019-05-10,27.0,27.79999923706055,27.0,27.79999923706055,27.79999923706055,14600
2019-05-13,26.79999923706055,27.60000038146973,22.0,23.20000076293945,23.20000076293945,25300
2019-05-14,23.60000038146973,24.399999618530273,23.20000076293945,23.399999618530273,23.399999618530273,6700
2019-05-15,23.399999618530273,24.20000076293945,22.399999618530273,24.20000076293945,24.20000076293945,5700
2019-05-16,23.399999618530273,24.0,22.79999923706055,23.0,23.0,7600
2019-05-17,22.200000762939453,23.0,22.0,22.79999923706055,22.79999923706055,5900
2019-05-20,22.79999923706055,22.79999923706055,20.600000381469727,21.600000381469727,21.600000381469727,14800
2019-05-21,22.0,23.79999923706055,22.0,22.79999923706055,22.79999923706055,11700
2019-05-22,22.79999923706055,22.79999923706055,22.0,22.200000762939453,22.200000762939453,4400
2019-05-23,23.60000038146973,26.60000038146973,22.60000038146973,22.79999923706055,22.79999923706055,80500
2019-05-24,22.0,22.399999618530273,20.399999618530273,20.399999618530273,20.399999618530273,13900
2019-05-28,20.600000381469727,21.399999618530273,19.399999618530273,19.799999237060547,19.799999237060547,10300
2019-05-29,19.600000381469727,19.600000381469727,17.0,18.600000381469727,18.600000381469727,18800
2019-05-30,18.399999618530273,18.399999618530273,17.399999618530273,17.799999237060547,17.799999237060547,7900
2019-05-31,17.600000381469727,17.600000381469727,17.0,17.399999618530273,17.399999618530273,5300
2019-06-03,19.600000381469727,19.799999237060547,18.399999618530273,19.200000762939453,19.200000762939453,15200
2019-06-04,19.200000762939453,24.0,19.0,21.200000762939453,21.200000762939453,33700
2019-06-05,22.0,25.0,22.0,22.399999618530273,22.399999618530273,55900
2019-06-06,22.79999923706055,22.79999923706055,19.799999237060547,20.200000762939453,20.200000762939453,27900
2019-06-07,19.799999237060547,20.0,18.200000762939453,19.399999618530273,19.399999618530273,16400
2019-06-10,18.799999237060547,19.399999618530273,18.0,19.0,19.0,11100
2019-06-11,18.399999618530273,18.799999237060547,18.200000762939453,18.600000381469727,18.600000381469727,8300
2019-06-12,18.200000762939453,19.200000762939453,18.200000762939453,19.0,19.0,6700
2019-06-13,18.399999618530273,19.0,18.399999618530273,18.399999618530273,18.399999618530273,5900
2019-06-14,18.399999618530273,19.399999618530273,18.0,18.399999618530273,18.399999618530273,16900
2019-06-17,18.399999618530273,18.399999618530273,17.0,17.0,17.0,16600
2019-06-18,17.0,17.200000762939453,15.800000190734865,16.399999618530273,16.399999618530273,21600
2019-06-19,16.200000762939453,16.600000381469727,15.199999809265135,16.200000762939453,16.200000762939453,23800
2019-06-20,16.399999618530273,17.799999237060547,16.0,16.399999618530273,16.399999618530273,49000
2019-06-21,16.200000762939453,17.0,14.600000381469727,15.199999809265135,15.199999809265135,24200
2019-06-24,15.199999809265135,15.800000190734865,14.399999618530273,14.600000381469727,14.600000381469727,281200
2019-06-25,14.600000381469727,14.600000381469727,12.0,13.399999618530273,13.399999618530273,827900
2019-06-26,13.199999809265135,15.0,13.0,14.199999809265135,14.199999809265135,233000
2019-06-27,14.199999809265135,15.199999809265135,14.199999809265135,14.800000190734865,14.800000190734865,191400
2019-06-28,14.600000381469727,15.600000381469727,14.399999618530273,15.199999809265135,15.199999809265135,280800
2019-07-01,15.0,15.600000381469727,15.0,15.0,15.0,107800
2019-07-02,15.0,15.399999618530273,14.199999809265135,14.399999618530273,14.399999618530273,90400
2019-07-03,14.399999618530273,15.0,13.800000190734865,14.800000190734865,14.800000190734865,121000
2019-07-05,14.800000190734865,15.0,14.0,14.399999618530273,14.399999618530273,68000
2019-07-08,14.399999618530273,14.600000381469727,13.800000190734865,14.0,14.0,81900
2019-07-09,14.199999809265135,14.800000190734865,13.600000381469727,14.199999809265135,14.199999809265135,109700
2019-07-10,15.0,15.199999809265135,14.199999809265135,14.800000190734865,14.800000190734865,414500
2019-07-11,15.0,15.600000381469727,14.0,14.199999809265135,14.199999809265135,255100
2019-07-12,14.0,15.399999618530273,14.0,15.0,15.0,656000
2019-07-15,15.0,15.0,14.0,14.399999618530273,14.399999618530273,2600200
2019-07-16,14.600000381469727,14.600000381469727,14.199999809265135,14.199999809265135,14.199999809265135,104100
2019-07-17,14.399999618530273,14.800000190734865,14.399999618530273,14.600000381469727,14.600000381469727,263400
2019-07-18,15.0,16.600000381469727,14.199999809265135,14.600000381469727,14.600000381469727,3602100
2019-07-19,14.600000381469727,14.600000381469727,13.0,13.800000190734865,13.800000190734865,713300
2019-07-22,14.800000190734865,15.199999809265135,14.0,14.399999618530273,14.399999618530273,772400
2019-07-23,14.600000381469727,14.800000190734865,13.199999809265135,14.0,14.0,509200
2019-07-24,14.0,14.0,13.399999618530273,13.600000381469727,13.600000381469727,269500
2019-07-25,13.600000381469727,13.600000381469727,12.199999809265135,13.199999809265135,13.199999809265135,656600
2019-07-26,12.399999618530273,13.399999618530273,12.199999809265135,13.399999618530273,13.399999618530273,398200
2019-07-29,13.399999618530273,13.600000381469727,12.0,13.0,13.0,306000
2019-07-30,12.800000190734865,13.199999809265135,12.399999618530273,13.0,13.0,190900
2019-07-31,13.199999809265135,13.199999809265135,12.199999809265135,13.0,13.0,263600
2019-08-01,12.600000381469727,13.399999618530273,12.600000381469727,12.600000381469727,12.600000381469727,174000
2019-08-02,12.800000190734865,12.800000190734865,11.600000381469727,12.0,12.0,346900
2019-08-05,11.800000190734865,12.800000190734865,11.399999618530273,12.0,12.0,327300
2019-08-06,12.800000190734865,12.800000190734865,11.399999618530273,12.199999809265135,12.199999809265135,237400
2019-08-07,12.600000381469727,12.600000381469727,11.800000190734865,12.0,12.0,157300
2019-08-08,12.0,12.199999809265135,10.800000190734863,11.600000381469727,11.600000381469727,371900
2019-08-09,11.800000190734865,11.800000190734865,11.0,11.399999618530273,11.399999618530273,117900
2019-08-12,11.199999809265137,11.399999618530273,10.399999618530273,11.0,11.0,260100
2019-08-13,11.0,13.199999809265135,10.800000190734863,12.600000381469727,12.600000381469727,301300
2019-08-14,12.600000381469727,12.600000381469727,11.0,11.800000190734865,11.800000190734865,247900
2019-08-15,11.800000190734865,12.199999809265135,11.199999809265137,11.199999809265137,11.199999809265137,166500
2019-08-16,11.399999618530273,11.800000190734865,10.800000190734863,11.600000381469727,11.600000381469727,181000
2019-08-19,11.600000381469727,12.199999809265135,11.0,11.600000381469727,11.600000381469727,211200
2019-08-20,11.399999618530273,11.600000381469727,10.800000190734863,11.600000381469727,11.600000381469727,89100
2019-08-21,11.399999618530273,12.0,11.399999618530273,11.800000190734865,11.800000190734865,176800
2019-08-22,12.0,12.399999618530273,11.199999809265137,11.800000190734865,11.800000190734865,285300
2019-08-23,12.0,12.199999809265135,11.0,11.600000381469727,11.600000381469727,162400
2019-08-26,11.600000381469727,12.0,11.199999809265137,11.199999809265137,11.199999809265137,81100
2019-08-27,11.199999809265137,12.0,11.0,11.600000381469727,11.600000381469727,98600
2019-08-28,12.0,13.199999809265135,11.600000381469727,12.600000381469727,12.600000381469727,286600
2019-08-29,12.600000381469727,13.0,11.600000381469727,12.0,12.0,150700
2019-08-30,11.800000190734865,12.0,11.199999809265137,11.399999618530273,11.399999618530273,118800
2019-09-03,11.399999618530273,12.199999809265135,11.199999809265137,11.800000190734865,11.800000190734865,274100
2019-09-04,11.600000381469727,12.199999809265135,11.399999618530273,11.800000190734865,11.800000190734865,89100
2019-09-05,11.800000190734865,12.199999809265135,11.800000190734865,11.800000190734865,11.800000190734865,177500
2019-09-06,11.199999809265137,12.0,11.199999809265137,11.800000190734865,11.800000190734865,205700
2019-09-09,12.0,12.199999809265135,11.600000381469727,11.800000190734865,11.800000190734865,222100
2019-09-10,12.0,12.399999618530273,11.399999618530273,12.399999618530273,12.399999618530273,311100
2019-09-11,12.399999618530273,13.399999618530273,12.199999809265135,13.0,13.0,245400
2019-09-12,13.0,13.0,12.399999618530273,12.600000381469727,12.600000381469727,160300
2019-09-13,12.399999618530273,13.0,12.199999809265135,12.600000381469727,12.600000381469727,126900
2019-09-16,12.600000381469727,12.800000190734865,12.399999618530273,12.399999618530273,12.399999618530273,88400
2019-09-17,12.600000381469727,13.199999809265135,12.0,13.0,13.0,469900
2019-09-18,13.0,13.0,12.199999809265135,12.399999618530273,12.399999618530273,206300
2019-09-19,12.399999618530273,12.600000381469727,10.0,10.600000381469727,10.600000381469727,694900
2019-09-20,11.199999809265137,11.600000381469727,11.0,11.0,11.0,185900
2019-09-23,11.199999809265137,11.600000381469727,11.0,11.0,11.0,96900
2019-09-24,11.0,11.399999618530273,10.600000381469727,10.800000190734863,10.800000190734863,128200
2019-09-25,10.800000190734863,10.800000190734863,9.600000381469727,10.800000190734863,10.800000190734863,469600
2019-09-26,10.800000190734863,10.800000190734863,10.0,10.399999618530273,10.399999618530273,89500
2019-09-27,10.399999618530273,11.800000190734865,10.399999618530273,10.800000190734863,10.800000190734863,334200
2019-09-30,11.0,11.0,10.600000381469727,11.0,11.0,69500
2019-10-01,11.0,11.800000190734865,10.800000190734863,11.399999618530273,11.399999618530273,199500
2019-10-02,11.600000381469727,11.800000190734865,11.0,11.399999618530273,11.399999618530273,124700
2019-10-03,11.199999809265137,11.600000381469727,11.0,11.600000381469727,11.600000381469727,7400
2019-10-04,11.600000381469727,11.600000381469727,11.199999809265137,11.600000381469727,11.600000381469727,7600
2019-10-07,11.600000381469727,12.0,11.199999809265137,11.600000381469727,11.600000381469727,8400
2019-10-08,11.600000381469727,11.600000381469727,11.0,11.399999618530273,11.399999618530273,4500
2019-10-09,11.600000381469727,11.600000381469727,11.399999618530273,11.600000381469727,11.600000381469727,2500
2019-10-10,11.199999809265137,11.399999618530273,11.199999809265137,11.199999809265137,11.199999809265137,2300
2019-10-11,11.399999618530273,11.399999618530273,11.199999809265137,11.199999809265137,11.199999809265137,2400
2019-10-14,11.199999809265137,12.399999618530273,11.199999809265137,11.800000190734865,11.800000190734865,6900
2019-10-15,11.800000190734865,11.800000190734865,11.0,11.399999618530273,11.399999618530273,11800
2019-10-16,11.199999809265137,11.399999618530273,11.199999809265137,11.199999809265137,11.199999809265137,3800
2019-10-17,11.199999809265137,11.199999809265137,11.0,11.199999809265137,11.199999809265137,1400
2019-10-18,11.199999809265137,11.199999809265137,10.800000190734863,11.0,11.0,2900
2019-10-21,10.800000190734863,11.0,10.600000381469727,10.600000381469727,10.600000381469727,2700
2019-10-22,10.399999618530273,11.199999809265137,10.399999618530273,10.600000381469727,10.600000381469727,5500
2019-10-23,10.600000381469727,10.800000190734863,10.0,10.600000381469727,10.600000381469727,4500
2019-10-24,10.600000381469727,10.800000190734863,10.399999618530273,10.600000381469727,10.600000381469727,2000
2019-10-25,10.800000190734863,10.800000190734863,10.0,10.800000190734863,10.800000190734863,9700
2019-10-28,10.800000190734863,11.0,10.600000381469727,10.800000190734863,10.800000190734863,4100
2019-10-29,10.800000190734863,10.800000190734863,10.199999809265137,10.600000381469727,10.600000381469727,4000
2019-10-30,10.399999618530273,10.600000381469727,10.199999809265137,10.399999618530273,10.399999618530273,3100
2019-10-31,10.399999618530273,10.600000381469727,10.199999809265137,10.600000381469727,10.600000381469727,2200
2019-11-01,10.399999618530273,10.399999618530273,8.0,9.199999809265137,9.199999809265137,37100
2019-11-04,9.600000381469727,9.800000190734863,8.800000190734863,8.800000190734863,8.800000190734863,7300
2019-11-05,9.0,10.399999618530273,9.0,10.0,10.0,14700
2019-11-06,10.0,10.199999809265137,9.199999809265137,9.600000381469727,9.600000381469727,6500
2019-11-07,9.800000190734863,10.0,9.199999809265137,9.800000190734863,9.800000190734863,3700
2019-11-08,9.399999618530273,9.600000381469727,9.199999809265137,9.399999618530273,9.399999618530273,1600
2019-11-11,9.199999809265137,9.600000381469727,9.0,9.199999809265137,9.199999809265137,5800
2019-11-12,9.0,10.399999618530273,8.800000190734863,9.0,9.0,24800
2019-11-13,9.199999809265137,9.399999618530273,9.0,9.0,9.0,4400
2019-11-14,9.0,9.0,8.399999618530272,8.399999618530272,8.399999618530272,4300
2019-11-15,8.600000381469728,8.600000381469728,7.5999999046325675,7.5999999046325675,7.5999999046325675,11200
2019-11-18,7.5999999046325675,8.600000381469728,7.5999999046325675,7.800000190734862,7.800000190734862,10900
2019-11-19,8.0,8.0,7.0,7.4000000953674325,7.4000000953674325,20700
2019-11-20,7.4000000953674325,9.600000381469727,7.199999809265138,9.600000381469727,9.600000381469727,28400
2019-11-21,9.800000190734863,10.0,8.199999809265138,8.399999618530272,8.399999618530272,11200
2019-11-22,7.800000190734862,9.800000190734863,7.800000190734862,9.399999618530273,9.399999618530273,24500
2019-11-25,8.800000190734863,10.399999618530273,8.800000190734863,9.600000381469727,9.600000381469727,10200
2019-11-26,9.199999809265137,10.600000381469727,9.199999809265137,10.199999809265137,10.199999809265137,10700
2019-11-27,11.0,11.399999618530273,10.0,10.399999618530273,10.399999618530273,21100
2019-11-29,10.399999618530273,12.0,10.399999618530273,11.0,11.0,14100
2019-12-02,11.0,11.600000381469727,9.800000190734863,9.800000190734863,9.800000190734863,14300
2019-12-03,10.0,10.800000190734863,9.600000381469727,10.199999809265137,10.199999809265137,5400
2019-12-04,10.199999809265137,10.600000381469727,9.800000190734863,9.800000190734863,9.800000190734863,4500
2019-12-05,9.800000190734863,11.600000381469727,9.800000190734863,11.0,11.0,13200
2019-12-06,11.199999809265137,11.399999618530273,10.199999809265137,10.600000381469727,10.600000381469727,4900
2019-12-09,10.800000190734863,11.0,10.199999809265137,10.600000381469727,10.600000381469727,8400
2019-12-10,10.600000381469727,10.800000190734863,9.199999809265137,9.199999809265137,9.199999809265137,13800
2019-12-11,9.199999809265137,9.600000381469727,9.0,9.0,9.0,8700
2019-12-12,8.199999809265138,8.600000381469728,8.0,8.0,8.0,18500
2019-12-13,8.0,8.399999618530272,7.5999999046325675,8.0,8.0,15000
2019-12-16,8.0,8.600000381469728,8.0,8.199999809265138,8.199999809265138,9000
2019-12-17,8.0,8.800000190734863,8.0,8.600000381469728,8.600000381469728,19100
2019-12-18,9.0,9.199999809265137,8.199999809265138,8.399999618530272,8.399999618530272,8100
2019-12-19,8.600000381469728,8.600000381469728,7.5999999046325675,8.0,8.0,13100
2019-12-20,7.630000114440918,7.6500000953674325,7.1500000953674325,7.389999866485597,7.389999866485597,13000
2019-12-23,7.21999979019165,7.25,6.619999885559082,6.630000114440918,6.630000114440918,28100
2019-12-24,6.5,9.59000015258789,6.5,7.809999942779541,7.809999942779541,84400
2019-12-26,8.0,8.899999618530273,7.699999809265138,7.730000019073486,7.730000019073486,38300
2019-12-27,7.53000020980835,7.71999979019165,6.6500000953674325,6.6500000953674325,6.6500000953674325,68700
2019-12-30,6.550000190734862,7.5999999046325675,6.550000190734862,7.510000228881836,7.510000228881836,40000
2019-12-31,7.300000190734862,7.980000019073486,7.170000076293945,7.949999809265138,7.949999809265138,35000
2020-01-02,8.020000457763674,8.020000457763674,7.25,7.739999771118164,7.739999771118164,14300
2020-01-03,7.4000000953674325,9.0,7.4000000953674325,8.920000076293945,8.920000076293945,41400
2020-01-06,9.020000457763672,9.399999618530273,8.130000114440918,8.25,8.25,65100
2020-01-07,8.300000190734862,8.5,7.8400001525878915,8.050000190734862,8.050000190734862,19000
2020-01-08,8.100000381469728,8.300000190734862,7.8400001525878915,7.889999866485597,7.889999866485597,11100
2020-01-09,7.96999979019165,8.239999771118164,7.769999980926514,7.949999809265138,7.949999809265138,7700
2020-01-10,7.920000076293945,8.130000114440918,7.75,8.119999885559082,8.119999885559082,6700
2020-01-13,8.210000038146973,8.5,8.149999618530272,8.189999580383299,8.189999580383299,9100
2020-01-14,8.029999732971191,8.029999732971191,7.71999979019165,7.75,7.75,12300
2020-01-15,8.010000228881836,8.010000228881836,7.699999809265138,8.0,8.0,6100
2020-01-16,8.010000228881836,8.210000038146973,7.760000228881836,7.760000228881836,7.760000228881836,5100
2020-01-17,7.75,7.860000133514403,7.75,7.769999980926514,7.769999980926514,4500
2020-01-21,7.78000020980835,7.78000020980835,7.429999828338622,7.429999828338622,7.429999828338622,6300
2020-01-22,7.429999828338622,7.739999771118164,7.420000076293945,7.510000228881836,7.510000228881836,4600
2020-01-23,7.510000228881836,7.510000228881836,7.28000020980835,7.300000190734862,7.300000190734862,3600
2020-01-24,7.179999828338622,7.4000000953674325,7.079999923706055,7.0999999046325675,7.0999999046325675,8500
2020-01-27,7.3499999046325675,7.3499999046325675,6.639999866485597,6.96999979019165,6.96999979019165,16300
2020-01-28,6.789999961853027,7.039999961853027,6.6500000953674325,6.8400001525878915,6.8400001525878915,3300
2020-01-29,6.699999809265138,7.71999979019165,6.679999828338622,7.71999979019165,7.71999979019165,7000
2020-01-30,7.6599998474121085,7.6599998474121085,7.190000057220459,7.190000057220459,7.190000057220459,8400
2020-01-31,7.4099998474121085,7.4099998474121085,6.9000000953674325,7.0,7.0,8600
2020-02-03,6.8499999046325675,7.059999942779541,6.71999979019165,7.059999942779541,7.059999942779541,4200
2020-02-04,7.010000228881836,7.3499999046325675,6.9000000953674325,6.9000000953674325,6.9000000953674325,26500
2020-02-05,6.9000000953674325,7.639999866485597,6.9000000953674325,7.369999885559082,7.369999885559082,10800
2020-02-06,7.28000020980835,7.5,7.28000020980835,7.449999809265138,7.449999809265138,8700
2020-02-07,7.639999866485597,7.639999866485597,7.130000114440918,7.170000076293945,7.170000076293945,5800
2020-02-10,7.0999999046325675,7.130000114440918,7.039999961853027,7.119999885559082,7.119999885559082,2800
2020-02-11,7.199999809265138,7.320000171661378,7.199999809265138,7.239999771118164,7.239999771118164,5100
2020-02-12,7.309999942779541,7.480000019073486,7.309999942779541,7.309999942779541,7.309999942779541,3700
2020-02-13,7.3499999046325675,8.300000190734862,7.309999942779541,7.309999942779541,7.309999942779541,53100
2020-02-14,7.429999828338622,7.71999979019165,7.070000171661378,7.139999866485597,7.139999866485597,10800
2020-02-18,7.0,7.1500000953674325,6.6500000953674325,6.760000228881836,6.760000228881836,33000
2020-02-19,6.739999771118164,6.929999828338622,6.519999980926514,6.690000057220459,6.690000057220459,19600
2020-02-20,6.550000190734862,7.0999999046325675,6.4099998474121085,6.760000228881836,6.760000228881836,26700
2020-02-21,6.710000038146973,6.710000038146973,6.5,6.630000114440918,6.630000114440918,6900
2020-02-24,6.440000057220459,6.449999809265138,5.96999979019165,6.449999809265138,6.449999809265138,19800
2020-02-25,6.289999961853027,6.380000114440918,6.010000228881836,6.380000114440918,6.380000114440918,8400
2020-02-26,6.329999923706055,6.329999923706055,6.0900001525878915,6.190000057220459,6.190000057220459,3400
2020-02-27,6.139999866485597,6.179999828338622,6.0,6.03000020980835,6.03000020980835,8300
2020-02-28,6.0,6.050000190734862,5.610000133514403,5.809999942779541,5.809999942779541,25000
2020-03-02,5.800000190734862,5.800000190734862,5.53000020980835,5.550000190734863,5.550000190734863,5600
2020-03-03,5.4099998474121085,5.940000057220459,5.4099998474121085,5.78000020980835,5.78000020980835,10600
2020-03-04,5.960000038146973,5.980000019073486,5.550000190734863,5.559999942779541,5.559999942779541,7000
2020-03-05,5.599999904632568,6.559999942779541,5.599999904632568,6.559999942779541,6.559999942779541,33500
2020-03-06,6.5999999046325675,6.5999999046325675,6.260000228881836,6.380000114440918,6.380000114440918,6200
2020-03-09,6.380000114440918,6.380000114440918,4.980000019073486,5.8400001525878915,5.8400001525878915,71500
2020-03-10,5.730000019073486,6.1599998474121085,5.510000228881836,6.1599998474121085,6.1599998474121085,11600
2020-03-11,6.1599998474121085,6.5,5.949999809265138,6.46999979019165,6.46999979019165,18000
2020-03-12,6.25,6.28000020980835,5.71999979019165,6.079999923706055,6.079999923706055,21600
2020-03-13,6.079999923706055,6.130000114440918,5.369999885559082,5.800000190734862,5.800000190734862,13000
2020-03-16,5.25,5.309999942779541,4.849999904632568,4.980000019073486,4.980000019073486,9400
2020-03-17,4.800000190734863,4.9099998474121085,3.640000104904175,4.610000133514403,4.610000133514403,45800
2020-03-18,4.230000019073486,5.170000076293945,4.2100000381469735,5.170000076293945,5.170000076293945,17400
2020-03-19,4.769999980926514,6.210000038146973,4.559999942779541,5.730000019073486,5.730000019073486,42700
2020-03-20,6.199999809265138,6.4000000953674325,5.420000076293945,5.570000171661377,5.570000171661377,54900
2020-03-23,5.400000095367432,5.400000095367432,4.789999961853027,5.389999866485597,5.389999866485597,12300
2020-03-24,5.110000133514403,5.1599998474121085,4.960000038146973,5.0,5.0,29400
2020-03-25,4.789999961853027,5.5,4.730000019073486,5.489999771118164,5.489999771118164,25400
2020-03-26,5.21999979019165,6.5,5.21999979019165,6.4000000953674325,6.4000000953674325,25900
2020-03-27,6.4099998474121085,7.449999809265138,5.989999771118164,7.449999809265138,7.449999809265138,36600
2020-03-30,6.960000038146973,6.989999771118164,6.25,6.25,6.25,14400
2020-03-31,5.960000038146973,6.25,5.630000114440918,5.869999885559082,5.869999885559082,14000
2020-04-01,5.869999885559082,6.25,5.6500000953674325,5.889999866485597,5.889999866485597,3800
