date,open,high,low,close,adj close,volume
2015-01-02,27.157737731933594,27.157737731933594,26.04166603088379,26.69270896911621,22.26345634460449,59800.0
2015-01-05,26.488094329833984,26.488094329833984,25.42782783508301,25.45572853088379,21.231739044189453,154500.0
2015-01-06,25.45572853088379,25.5859375,24.60007476806641,24.683780670166016,20.58788299560547,171800.0
2015-01-07,24.776784896850586,24.82328796386719,24.3675594329834,24.5163688659668,20.44824981689453,120000.0
2015-01-08,24.730281829833984,25.4371280670166,24.45126533508301,24.860490798950195,20.73526954650879,113600.0
2015-01-09,24.83259010314941,25.02790260314941,24.52566909790039,24.59077453613281,20.51030731201172,103200.0
2015-01-12,24.609375,24.62797546386719,24.20014953613281,24.43266296386719,20.378433227539066,78800.0
2015-01-13,24.488468170166016,24.972097396850586,24.0234375,24.1722469329834,20.16122817993164,156700.0
2015-01-14,23.949031829833984,24.59077453613281,23.725818634033203,24.54427146911621,20.471525192260746,114700.0
2015-01-15,24.40476226806641,24.618675231933594,24.13504409790039,24.43266296386719,20.378433227539066,72800.0
2015-01-16,24.33035659790039,24.76748466491699,24.228050231933594,24.7581844329834,20.649940490722656,121800.0
2015-01-20,24.88839340209961,25.1023063659668,23.8746280670166,24.28385353088379,20.25431632995605,174400.0
2015-01-21,24.274553298950195,24.54427146911621,23.949031829833984,24.097843170166016,20.099170684814453,78600.0
2015-01-22,25.251115798950195,26.30208396911621,25.15810966491699,26.23697853088379,21.883350372314453,742600.0
2015-01-23,26.08816909790039,26.488094329833984,25.95796203613281,26.4136905670166,22.030742645263672,297100.0
2015-01-26,26.54389953613281,27.399553298950195,26.06026840209961,26.32998466491699,21.960918426513672,3583800.0
2015-01-27,26.04166603088379,26.292781829833984,25.902156829833984,26.04166603088379,21.72045135498047,342200.0
2015-01-28,26.01376533508301,26.01376533508301,25.465030670166016,25.790550231933594,21.51100349426269,314100.0
2015-01-29,25.76264953613281,26.19047546386719,25.30691909790039,26.116071701049805,21.78250503540039,159100.0
2015-01-30,25.855655670166016,26.10677146911621,25.3441219329834,25.390625,21.17743492126465,189300.0
2015-02-02,25.4929313659668,26.7113094329834,25.42782783508301,26.636905670166016,22.2169189453125,129300.0
2015-02-03,26.84151840209961,27.613468170166016,26.506696701049805,27.47395896911621,22.91507148742676,187600.0
2015-02-04,27.47395896911621,27.99479103088379,27.06473159790039,27.72507476806641,23.124521255493164,133900.0
2015-02-05,27.72507476806641,28.25520896911621,27.594865798950195,28.20870590209961,23.52790260314941,125200.0
2015-02-06,28.329612731933594,28.79464340209961,27.86458396911621,28.15290260314941,23.481355667114254,198600.0
2015-02-09,27.985490798950195,28.766740798950195,26.953125,26.99032783508301,22.511693954467773,191000.0
2015-02-10,27.483259201049805,27.9761905670166,26.98102760314941,27.8831844329834,23.256391525268555,189800.0
2015-02-11,27.901784896850586,28.30171203613281,27.1484375,27.222843170166016,22.705623626708984,95000.0
2015-02-12,27.37165260314941,27.50185966491699,26.9996280670166,27.34375,22.80647087097168,76400.0
2015-02-13,27.52046203613281,27.8831844329834,26.97172546386719,27.33444976806641,22.7987117767334,86300.0
2015-02-17,27.37165260314941,27.6878719329834,27.08333396911621,27.65066909790039,23.06245994567871,72800.0
2015-02-18,27.66927146911621,27.8831844329834,27.204240798950195,27.594865798950195,23.01591682434082,92100.0
2015-02-19,27.594865798950195,27.9296875,27.241443634033203,27.4925594329834,22.93058586120605,91900.0
2015-02-20,27.56696510314941,27.62276840209961,26.953125,27.56696510314941,22.99264335632324,62400.0
2015-02-23,27.56696510314941,27.56696510314941,27.08333396911621,27.32514953613281,22.790956497192386,46300.0
2015-02-24,27.241443634033203,27.89248466491699,27.08333396911621,27.706472396850586,23.29133605957031,111300.0
2015-02-25,27.76227760314941,27.76227760314941,27.17634010314941,27.40885353088379,23.04113960266113,65600.0
2015-02-26,27.287946701049805,27.62276840209961,27.157737731933594,27.353050231933594,22.99423217773437,52400.0
2015-02-27,27.33444976806641,27.55766296386719,26.62760353088379,26.702009201049805,22.44693756103516,117300.0
2015-03-02,26.59970283508301,27.26004409790039,26.35788726806641,27.03683090209961,22.728403091430664,128300.0
2015-03-03,26.850818634033203,27.08333396911621,26.34858703613281,26.82291603088379,22.54858016967773,120400.0
2015-03-04,26.813615798950195,26.8601188659668,26.488094329833984,26.59040260314941,22.35311508178711,91500.0
2015-03-05,26.702009201049805,27.52046203613281,26.20907783508301,26.77641296386719,22.50948715209961,112000.0
2015-03-06,26.636905670166016,27.52976226806641,26.47879409790039,27.2507438659668,22.90823173522949,92400.0
2015-03-09,27.40885353088379,27.873884201049805,27.074031829833984,27.548362731933594,23.15842247009277,133600.0
2015-03-10,27.17634010314941,27.47395896911621,26.7578125,26.99032783508301,22.689308166503906,114000.0
2015-03-11,27.11123466491699,27.60416603088379,26.9066219329834,27.36235046386719,23.002050399780273,86000.0
2015-03-12,27.678571701049805,28.40401840209961,27.40885353088379,28.35751533508301,23.8386344909668,110200.0
2015-03-13,28.459821701049805,28.79464340209961,27.6878719329834,28.125,23.643165588378906,97300.0
2015-03-16,28.20870590209961,28.77604103088379,27.94828796386719,28.1715030670166,23.68225860595703,96500.0
2015-03-17,28.004093170166016,28.264509201049805,27.2972469329834,27.418155670166016,23.04896354675293,97600.0
2015-03-18,27.353050231933594,27.55766296386719,26.571800231933594,26.86941909790039,22.587669372558594,121500.0
2015-03-19,26.79501533508301,27.092634201049805,26.04166603088379,26.534597396850586,22.306201934814453,122600.0
2015-03-20,26.6648063659668,27.4460563659668,26.64620590209961,27.11123466491699,22.79094886779785,364000.0
2015-03-23,27.16703796386719,27.827381134033203,26.4136905670166,26.6090030670166,22.368751525878906,99400.0
2015-03-24,26.655506134033203,27.808780670166016,26.292781829833984,26.62760353088379,22.38438606262207,46600.0
2015-03-25,26.74851226806641,27.72507476806641,26.1253719329834,26.246280670166016,22.063831329345703,74200.0
2015-03-26,26.20907783508301,26.9066219329834,26.050968170166016,26.850818634033203,22.572036743164066,84600.0
2015-03-27,26.9066219329834,27.1484375,26.19047546386719,26.767112731933594,22.50166320800781,76500.0
2015-03-30,26.93452453613281,27.52046203613281,26.88802146911621,27.11123466491699,22.79094886779785,57700.0
2015-03-31,27.03683090209961,27.03683090209961,26.45089340209961,26.683406829833984,22.431303024291992,67900.0
2015-04-01,26.64620590209961,26.897321701049805,26.246280670166016,26.82291603088379,22.54858016967773,60900.0
2015-04-02,26.953125,26.99032783508301,26.52529716491699,26.82291603088379,22.54858016967773,89000.0
2015-04-06,26.72060966491699,26.832218170166016,26.13467216491699,26.227678298950195,22.048194885253906,97400.0
2015-04-07,26.3206844329834,26.52529716491699,25.8835563659668,26.143972396850586,21.977827072143555,57100.0
2015-04-08,26.04166603088379,26.23697853088379,25.57663726806641,26.01376533508301,21.86836814880371,91600.0
2015-04-09,26.097469329833984,26.40439033508301,25.9300594329834,26.292781829833984,22.102922439575195,62000.0
2015-04-10,26.47879409790039,26.506696701049805,26.181175231933594,26.38578796386719,22.18110466003418,76500.0
2015-04-13,26.246280670166016,27.33444976806641,26.246280670166016,27.13913726806641,22.814409255981445,76900.0
2015-04-14,27.12983703613281,27.269344329833984,26.171875,26.77641296386719,22.50948715209961,82300.0
2015-04-15,26.84151840209961,27.613468170166016,26.4136905670166,27.47395896911621,23.09587287902832,90500.0
2015-04-16,27.50185966491699,27.79947853088379,26.962425231933594,27.5855655670166,23.18969535827637,59000.0
2015-04-17,27.37165260314941,27.37165260314941,26.655506134033203,26.72060966491699,22.462574005126953,55100.0
2015-04-20,26.953125,27.1949405670166,26.69270896911621,26.97172546386719,22.67367172241211,54800.0
2015-04-21,27.01822853088379,27.69717216491699,26.655506134033203,27.08333396911621,22.767498016357425,80400.0
2015-04-22,27.18564033508301,27.69717216491699,26.8043155670166,27.60416603088379,23.20532989501953,49100.0
2015-04-23,28.017578125,28.06640625,26.865234375,27.28515625,22.93715858459473,55000.0
2015-04-24,27.32421875,27.431640625,26.787109375,26.884765625,22.600570678710934,38900.0
2015-04-27,27.041015625,28.037109375,26.591796875,26.865234375,22.584156036376953,67400.0
2015-04-28,26.982421875,27.578125,26.982421875,27.333984375,22.97820854187012,45800.0
2015-04-29,27.275390625,28.232421875,26.85546875,27.763671875,23.33941650390625,82600.0
2015-04-30,27.587890625,27.71484375,26.66015625,26.6796875,22.428171157836914,84900.0
2015-05-01,26.708984375,26.708984375,25.888671875,25.986328125,21.84530258178711,148000.0
2015-05-04,25.8984375,26.26953125,25.5078125,25.576171875,21.50050926208496,113300.0
2015-05-05,25.537109375,26.162109375,25.537109375,25.95703125,21.8206787109375,110600.0
2015-05-06,26.103515625,26.494140625,25.99609375,26.435546875,22.222936630249023,70200.0
2015-05-07,26.484375,26.484375,26.083984375,26.25,22.06695556640625,55000.0
2015-05-08,26.3671875,26.640625,26.11328125,26.494140625,22.27219009399414,45900.0
2015-05-11,26.42578125,26.875,26.240234375,26.767578125,22.502058029174805,69400.0
2015-05-12,26.650390625,27.20703125,26.171875,26.982421875,22.682661056518555,36900.0
2015-05-13,27.05078125,27.1484375,26.6796875,27.0703125,22.75655174255371,42100.0
2015-05-14,27.294921875,27.529296875,26.69921875,27.060546875,22.74833869934082,82200.0
2015-05-15,27.109375,27.1484375,25.95703125,26.455078125,22.239355087280273,106700.0
2015-05-18,26.50390625,27.138671875,26.337890625,26.962890625,22.66625022888184,100900.0
2015-05-19,26.89453125,27.138671875,26.513671875,27.08984375,22.96427154541016,103900.0
2015-05-20,27.24609375,27.24609375,26.416015625,26.9921875,22.881481170654297,98000.0
2015-05-21,27.021484375,27.24609375,26.77734375,26.982421875,22.87320327758789,78100.0
2015-05-22,26.93359375,27.44140625,26.435546875,26.484375,22.451007843017575,43700.0
2015-05-26,26.3671875,26.455078125,25.830078125,26.23046875,22.23577690124512,68600.0
2015-05-27,26.34765625,26.806640625,25.78125,26.689453125,22.624853134155273,76100.0
2015-05-28,26.69921875,26.953125,26.42578125,26.923828125,22.82353591918945,75900.0
2015-05-29,26.93359375,27.05078125,25.99609375,26.220703125,22.22749137878418,120900.0
2015-06-01,26.494140625,26.494140625,25.771484375,25.83984375,21.90463638305664,63600.0
2015-06-02,25.80078125,26.279296875,25.78125,26.162109375,22.177824020385746,104100.0
2015-06-03,26.142578125,26.953125,26.1328125,26.4453125,22.41789436340332,127700.0
2015-06-04,26.54296875,26.69921875,26.005859375,26.2890625,22.285438537597656,72800.0
2015-06-05,26.4453125,27.060546875,26.42578125,27.03125,22.91459655761719,109200.0
2015-06-08,26.923828125,27.08984375,26.69921875,26.962890625,22.856651306152344,106400.0
2015-06-09,26.8359375,27.65625,26.77734375,27.421875,23.2457332611084,76300.0
2015-06-10,27.59765625,28.916015625,27.59765625,28.427734375,24.098407745361328,143800.0
2015-06-11,28.447265625,28.681640625,27.94921875,28.57421875,24.222583770751953,92300.0
2015-06-12,28.564453125,28.740234375,28.212890625,28.53515625,24.18947029113769,108000.0
2015-06-15,28.505859375,28.76953125,27.880859375,28.45703125,24.12323760986328,150800.0
2015-06-16,28.193359375,28.916015625,28.1640625,28.3984375,24.073570251464844,105800.0
2015-06-17,28.408203125,28.73046875,27.67578125,27.890625,23.64309883117676,173200.0
2015-06-18,27.900390625,28.369140625,27.509765625,27.841796875,23.60170745849609,106900.0
2015-06-19,28.0859375,28.564453125,27.65625,27.8125,23.576868057250977,588500.0
2015-06-22,27.939453125,28.486328125,27.939453125,28.18359375,23.891447067260746,91600.0
2015-06-23,28.41796875,28.7890625,28.3203125,28.388671875,24.06529235839844,108100.0
2015-06-24,28.18359375,28.76953125,28.18359375,28.45703125,24.12323760986328,95900.0
2015-06-25,28.65234375,28.955078125,28.369140625,28.73046875,24.355037689208984,133400.0
2015-06-26,28.7109375,29.1015625,28.59375,29.0625,24.636505126953125,297300.0
2015-06-29,28.759765625,29.169921875,28.369140625,28.408203125,24.081850051879886,108600.0
2015-06-30,28.57421875,28.73046875,28.22265625,28.544921875,24.19775009155273,75600.0
2015-07-01,28.701171875,29.12109375,28.662109375,29.013671875,24.595111846923828,67300.0
2015-07-02,29.04296875,29.130859375,28.18359375,28.251953125,23.94940185546875,54300.0
2015-07-06,28.095703125,28.3203125,27.861328125,28.0078125,23.7424373626709,97700.0
2015-07-07,27.919921875,27.919921875,27.216796875,27.65625,23.444416046142575,82300.0
2015-07-08,27.51953125,27.880859375,27.40234375,27.8125,23.576868057250977,148600.0
2015-07-09,28.046875,28.203125,27.4609375,27.900390625,23.65137481689453,114000.0
2015-07-10,28.06640625,28.349609375,28.06640625,28.1640625,23.87489128112793,83900.0
2015-07-13,28.330078125,28.6328125,28.330078125,28.525390625,24.181190490722656,59800.0
2015-07-14,28.466796875,28.544921875,28.06640625,28.30078125,23.99078941345215,90100.0
2015-07-15,28.37890625,28.7109375,28.095703125,28.125,23.841777801513672,60900.0
2015-07-16,28.310546875,28.69140625,28.26171875,28.49609375,24.15635871887207,50900.0
2015-07-17,28.447265625,28.53515625,27.8125,27.94921875,23.692766189575195,64400.0
2015-07-20,27.98828125,28.271484375,27.744140625,28.251953125,23.94940185546875,75500.0
2015-07-21,28.251953125,28.84765625,27.978515625,28.02734375,23.75899887084961,41700.0
2015-07-22,28.046875,28.59375,28.046875,28.41796875,24.09012794494629,44300.0
2015-07-23,28.57421875,28.740234375,27.490234375,27.626953125,23.41957855224609,100300.0
2015-07-24,27.3828125,27.470703125,26.552734375,26.884765625,22.790422439575195,109600.0
2015-07-27,26.494140625,26.806640625,26.337890625,26.748046875,22.67452621459961,82000.0
2015-07-28,26.826171875,26.9140625,26.162109375,26.3671875,22.35167121887207,91700.0
2015-07-29,26.416015625,26.689453125,25.771484375,26.40625,22.384780883789066,136400.0
2015-07-30,26.416015625,26.8359375,26.1328125,26.455078125,22.426172256469727,109400.0
2015-07-31,26.484375,26.806640625,26.1328125,26.6796875,22.61657524108887,64800.0
2015-08-03,26.5625,26.81640625,26.123046875,26.4453125,22.41789436340332,43600.0
2015-08-04,26.396484375,26.806640625,26.396484375,26.552734375,22.50895881652832,46100.0
2015-08-05,26.640625,27.32421875,26.640625,27.080078125,22.95599174499512,79800.0
2015-08-06,27.03125,27.4609375,26.62109375,26.962890625,22.856651306152344,61800.0
2015-08-07,26.767578125,27.34375,26.6015625,26.767578125,22.69108390808105,55600.0
2015-08-10,26.89453125,27.36328125,26.796875,27.01171875,22.89804077148437,95300.0
2015-08-11,26.884765625,27.060546875,26.396484375,27.03125,22.91459655761719,106900.0
2015-08-12,26.962890625,26.962890625,26.40625,26.77734375,22.699357986450195,141300.0
2015-08-13,26.708984375,27.060546875,26.552734375,26.748046875,22.67452621459961,64800.0
2015-08-14,26.591796875,27.275390625,26.591796875,27.2265625,23.08016586303711,72400.0
2015-08-17,27.060546875,27.607421875,26.923828125,27.28515625,23.129838943481445,56700.0
2015-08-18,27.080078125,27.099609375,26.376953125,26.42578125,22.587270736694336,51700.0
2015-08-19,26.201171875,26.591796875,26.005859375,26.162109375,22.361906051635746,119200.0
2015-08-20,26.123046875,26.1328125,25.29296875,25.322265625,21.64405059814453,112100.0
2015-08-21,25.166015625,25.966796875,25.166015625,25.732421875,21.994630813598636,150700.0
2015-08-24,25.615234375,25.654296875,24.423828125,24.541015625,20.97628593444824,157200.0
2015-08-25,25.185546875,25.185546875,23.75,23.837890625,20.375289916992188,186500.0
2015-08-26,24.35546875,24.482421875,23.486328125,24.453125,20.901161193847656,138300.0
2015-08-27,24.638671875,25.01953125,24.00390625,24.82421875,21.21834945678711,209500.0
2015-08-28,24.736328125,25.1171875,24.658203125,24.921875,21.30182266235352,133200.0
2015-08-31,24.912109375,25.478515625,24.775390625,25.4296875,21.735870361328125,79800.0
2015-09-01,25.0390625,25.29296875,24.6875,24.8046875,21.20165252685547,126600.0
2015-09-02,25.078125,25.419921875,24.775390625,25.1171875,21.468759536743164,70100.0
2015-09-03,25.3515625,25.60546875,25.01953125,25.25390625,21.585620880126953,77900.0
2015-09-04,24.814453125,25.244140625,24.775390625,25.185546875,21.52719116210937,96400.0
2015-09-08,25.48828125,25.9375,25.48828125,25.6640625,21.936203002929688,129800.0
2015-09-09,25.869140625,26.03515625,25.64453125,25.673828125,21.94454765319824,76200.0
2015-09-10,25.52734375,25.87890625,25.52734375,25.7421875,22.002975463867188,40800.0
2015-09-11,25.46875,25.869140625,25.4296875,25.693359375,21.96124267578125,60300.0
2015-09-14,25.693359375,26.103515625,25.576171875,25.693359375,21.96124267578125,67200.0
2015-09-15,25.76171875,26.015625,25.7421875,25.869140625,22.11149024963379,39200.0
2015-09-16,25.8203125,26.142578125,25.595703125,26.083984375,22.295122146606445,46400.0
2015-09-17,25.966796875,26.591796875,25.1953125,25.5078125,21.802642822265625,123900.0
2015-09-18,25.05859375,25.25390625,24.599609375,24.873046875,21.260087966918945,408900.0
2015-09-21,24.98046875,25.439453125,24.765625,25.263671875,21.593969345092773,88100.0
2015-09-22,24.921875,25.263671875,24.82421875,24.9609375,21.335206985473636,65200.0
2015-09-23,25.078125,25.44921875,24.658203125,25.029296875,21.393638610839844,83400.0
2015-09-24,24.794921875,25.830078125,24.794921875,25.791015625,22.044713973999023,94900.0
2015-09-25,26.005859375,26.826171875,25.908203125,26.611328125,22.745868682861328,131000.0
2015-09-28,26.40625,26.85546875,26.240234375,26.6015625,22.73752593994141,91000.0
2015-09-29,26.62109375,26.826171875,26.2890625,26.611328125,22.745868682861328,61600.0
2015-09-30,26.806640625,26.962890625,26.2890625,26.904296875,22.99628257751465,106200.0
2015-10-01,26.81640625,26.9921875,26.298828125,26.650390625,22.779260635375977,73700.0
2015-10-02,26.25,26.591796875,25.439453125,26.07421875,22.28677749633789,94600.0
2015-10-05,26.005859375,26.474609375,26.005859375,26.46484375,22.620662689208984,46100.0
2015-10-06,26.474609375,26.748046875,26.123046875,26.357421875,22.528844833374023,49900.0
2015-10-07,26.42578125,27.080078125,26.162109375,27.0703125,23.13818168640137,47700.0
2015-10-08,27.0703125,27.509765625,26.953125,27.24609375,23.288433074951172,95400.0
2015-10-09,27.24609375,27.51953125,26.875,26.89453125,22.987934112548828,45900.0
2015-10-12,26.85546875,27.05078125,26.748046875,26.89453125,22.987934112548828,97800.0
2015-10-13,26.8359375,27.34375,26.630859375,26.66015625,22.78760528564453,52400.0
2015-10-14,26.611328125,26.77734375,25.791015625,25.927734375,22.161569595336914,52700.0
2015-10-15,25.927734375,26.494140625,25.76171875,26.455078125,22.612314224243164,81400.0
2015-10-16,26.5234375,26.806640625,26.328125,26.669921875,22.79594993591309,39800.0
2015-10-19,26.455078125,26.708984375,26.357421875,26.5625,22.70413589477539,29200.0
2015-10-20,26.572265625,26.904296875,26.484375,26.904296875,22.99628257751465,45300.0
2015-10-21,26.982421875,27.0703125,26.279296875,26.328125,22.503801345825195,54300.0
2015-10-22,26.494140625,27.1875,25.986328125,26.904296875,22.99628257751465,63800.0
2015-10-23,26.982421875,27.34375,26.728515625,27.158203125,23.213306427001953,126700.0
2015-10-26,27.03125,27.294921875,26.66015625,26.826171875,22.929502487182614,61200.0
2015-10-27,26.77734375,27.021484375,26.318359375,26.484375,22.63735389709473,58800.0
2015-10-28,26.58203125,27.998046875,26.58203125,27.958984375,23.89776992797852,85700.0
2015-10-29,27.890625,28.564453125,27.060546875,27.890625,23.839338302612305,95300.0
2015-10-30,27.67578125,28.212890625,26.201171875,26.26953125,22.45372200012207,131800.0
2015-11-02,26.279296875,26.42578125,25.712890625,26.240234375,22.42867851257324,111000.0
2015-11-03,26.23046875,27.080078125,26.23046875,26.9140625,23.004627227783203,58100.0
2015-11-04,26.982421875,27.138671875,26.220703125,26.9140625,23.004627227783203,141900.0
2015-11-05,26.943359375,27.5390625,26.767578125,27.373046875,23.39694404602051,113700.0
2015-11-06,27.548828125,28.271484375,27.451171875,28.22265625,24.123146057128906,176000.0
2015-11-09,28.02734375,28.30078125,27.71484375,27.822265625,23.78090858459473,151500.0
2015-11-10,27.67578125,28.4375,27.392578125,27.83203125,23.78925704956055,108100.0
2015-11-11,27.87109375,28.14453125,27.529296875,27.744140625,23.714134216308594,42400.0
2015-11-12,27.55859375,27.65625,27.05078125,27.236328125,23.28008460998535,56800.0
2015-11-13,26.982421875,27.1484375,26.474609375,26.796875,22.90446472167969,73200.0
2015-11-16,26.611328125,27.03125,26.07421875,26.9921875,23.071407318115234,130100.0
2015-11-17,26.767578125,27.138671875,26.484375,26.73828125,23.11361312866211,74100.0
2015-11-18,26.93359375,26.97265625,26.40625,26.93359375,23.282451629638672,73100.0
2015-11-19,26.806640625,27.16796875,26.42578125,26.884765625,23.2402400970459,55000.0
2015-11-20,27.060546875,27.060546875,26.640625,27.03125,23.366863250732425,66100.0
2015-11-23,27.138671875,27.20703125,26.748046875,27.08984375,23.41751289367676,88600.0
2015-11-24,27.021484375,27.333984375,26.71875,27.28515625,23.586353302001953,108100.0
2015-11-25,27.2265625,27.5390625,27.01171875,27.4609375,23.738304138183594,27500.0
2015-11-27,27.470703125,27.71484375,27.28515625,27.666015625,23.91558265686035,26700.0
2015-11-30,27.626953125,27.900390625,27.40234375,27.578125,23.839601516723636,93300.0
2015-12-01,27.63671875,27.978515625,27.421875,27.705078125,23.949350357055664,83100.0
2015-12-02,27.646484375,28.1640625,26.923828125,27.080078125,23.409074783325195,99300.0
2015-12-03,27.412109375,27.724609375,26.357421875,26.5625,22.9616641998291,115200.0
2015-12-04,26.54296875,27.34375,26.416015625,26.533203125,22.93633460998535,139400.0
2015-12-07,26.533203125,26.708984375,25.17578125,25.46875,22.016176223754886,202700.0
2015-12-08,25.205078125,25.537109375,24.775390625,25.1171875,21.7122745513916,141900.0
2015-12-09,25.1171875,25.52734375,24.66796875,24.70703125,21.35772132873535,195000.0
2015-12-10,24.66796875,24.82421875,24.16015625,24.4921875,21.1720027923584,195800.0
2015-12-11,24.39453125,24.619140625,24.130859375,24.4140625,21.10446548461914,230800.0
2015-12-14,24.638671875,24.892578125,24.1796875,24.51171875,21.188884735107425,184200.0
2015-12-15,24.462890625,24.951171875,24.208984375,24.35546875,21.053810119628906,176000.0
2015-12-16,24.404296875,24.53125,23.447265625,23.994140625,20.74146842956543,249300.0
2015-12-17,24.091796875,24.19921875,23.45703125,23.7890625,20.564193725585934,222100.0
2015-12-18,23.6328125,24.287109375,23.447265625,23.8671875,20.63172721862793,1474300.0
2015-12-21,23.818359375,24.404296875,23.61328125,23.837890625,20.606403350830078,171500.0
2015-12-22,23.8671875,24.04296875,23.447265625,23.896484375,20.657052993774414,120800.0
2015-12-23,24.072265625,24.1796875,23.740234375,23.828125,20.597959518432614,94500.0
2015-12-24,23.7109375,24.248046875,23.7109375,24.0234375,20.766796112060547,30900.0
2015-12-28,23.935546875,24.12109375,23.681640625,23.935546875,20.69082260131836,66500.0
2015-12-29,23.9453125,24.31640625,23.828125,24.287109375,20.99472427368164,105500.0
2015-12-30,24.169921875,24.208984375,23.92578125,23.955078125,20.70770072937012,81400.0
2015-12-31,23.9453125,23.96484375,23.447265625,23.45703125,20.277172088623047,150100.0
2016-01-04,23.37890625,23.37890625,22.6171875,22.763671875,19.67780113220215,142700.0
2016-01-05,22.900390625,22.96875,22.470703125,22.734375,19.652477264404297,103200.0
2016-01-06,22.4609375,22.9296875,22.3046875,22.71484375,19.635595321655273,150200.0
2016-01-07,22.275390625,22.490234375,21.767578125,21.77734375,18.825183868408203,145500.0
2016-01-08,21.884765625,21.923828125,21.396484375,21.40625,18.504396438598636,147000.0
2016-01-11,21.435546875,21.552734375,21.240234375,21.3671875,18.47062873840332,88300.0
2016-01-12,21.435546875,21.46484375,20.546875,20.908203125,18.073863983154297,139800.0
2016-01-13,20.8984375,21.19140625,20.029296875,20.17578125,17.440731048583984,111400.0
2016-01-14,20.25390625,20.5078125,19.970703125,20.15625,17.423851013183597,136200.0
2016-01-15,19.6875,20.537109375,19.35546875,20.087890625,17.364753723144528,170700.0
2016-01-19,20.21484375,20.234375,19.74609375,19.912109375,17.212804794311527,94600.0
2016-01-20,19.5703125,20.068359375,19.228515625,19.84375,17.15370750427246,146100.0
2016-01-21,19.931640625,20.29296875,19.7265625,19.86328125,17.170597076416016,143900.0
2016-01-22,20.224609375,20.546875,19.833984375,20.17578125,17.440731048583984,143400.0
2016-01-25,20.1953125,20.46875,19.08203125,19.140625,16.545900344848633,178700.0
2016-01-26,19.130859375,19.990234375,19.130859375,19.8046875,17.119943618774414,116700.0
2016-01-27,19.912109375,20.48828125,19.736328125,19.94140625,17.23812484741211,128100.0
2016-01-28,20.107421875,20.8984375,20.107421875,20.615234375,17.82061004638672,104300.0
2016-01-29,20.5078125,22.060546875,20.5078125,22.001953125,19.019346237182614,321000.0
2016-02-01,21.728515625,21.875,20.810546875,20.83984375,18.014774322509766,145200.0
2016-02-02,20.830078125,21.376953125,20.64453125,21.162109375,18.29335021972656,151400.0
2016-02-03,21.50390625,22.138671875,20.99609375,21.7578125,18.80830192565918,148400.0
2016-02-04,21.845703125,22.353515625,21.552734375,21.81640625,18.85895538330078,133700.0
2016-02-05,21.77734375,22.275390625,21.77734375,22.177734375,19.171297073364254,196700.0
2016-02-08,21.97265625,22.783203125,21.8359375,22.705078125,19.627159118652344,169700.0
2016-02-09,22.353515625,22.607421875,22.216796875,22.353515625,19.323251724243164,103600.0
2016-02-10,22.412109375,22.67578125,22.20703125,22.20703125,19.196626663208008,103600.0
2016-02-11,21.728515625,22.1484375,21.455078125,21.8359375,18.875831604003906,114200.0
2016-02-12,21.943359375,22.978515625,21.943359375,22.8515625,19.7537784576416,104300.0
2016-02-16,23.193359375,23.388671875,22.8515625,23.291015625,20.133663177490234,123900.0
2016-02-17,23.349609375,23.466796875,22.802734375,22.96875,19.85508346557617,120600.0
2016-02-18,22.96875,23.916015625,22.197265625,22.34375,19.3148136138916,159900.0
2016-02-19,22.24609375,22.861328125,22.24609375,22.578125,19.517404556274414,131400.0
2016-02-22,22.8515625,23.271484375,22.666015625,22.98828125,19.871967315673828,110700.0
2016-02-23,22.841796875,22.8515625,22.36328125,22.509765625,19.650314331054688,126700.0
2016-02-24,22.216796875,22.67578125,21.865234375,22.646484375,19.769664764404297,100000.0
2016-02-25,22.646484375,23.056640625,22.490234375,22.978515625,20.059518814086914,66800.0
2016-02-26,23.095703125,23.427734375,22.880859375,23.310546875,20.3493709564209,89300.0
2016-02-29,23.291015625,23.330078125,22.75390625,22.87109375,19.96574211120605,146500.0
2016-03-01,22.96875,23.828125,22.96875,23.349609375,20.383468627929688,94800.0
2016-03-02,23.30078125,23.80859375,23.193359375,23.80859375,20.784151077270508,72600.0
2016-03-03,23.92578125,24.814453125,23.828125,24.814453125,21.6622371673584,152500.0
2016-03-04,24.8828125,25.029296875,24.287109375,24.70703125,21.56846046447754,214700.0
2016-03-07,24.62890625,25.244140625,24.62890625,25.1953125,21.99471092224121,129000.0
2016-03-08,24.98046875,25.17578125,24.39453125,24.39453125,21.295652389526367,109600.0
2016-03-09,24.599609375,25.21484375,24.599609375,24.90234375,21.738962173461914,124800.0
2016-03-10,25.17578125,25.576171875,24.736328125,25.44921875,22.21636390686035,151700.0
2016-03-11,25.634765625,26.083984375,24.345703125,26.025390625,22.719343185424805,87500.0
2016-03-14,25.888671875,25.888671875,25.517578125,25.64453125,22.386863708496094,54300.0
2016-03-15,25.390625,25.537109375,24.8046875,24.82421875,21.670759201049805,88200.0
2016-03-16,24.716796875,25.380859375,24.55078125,24.794921875,21.645183563232425,70400.0
2016-03-17,24.794921875,25.966796875,24.716796875,25.80078125,22.523271560668945,137200.0
2016-03-18,26.015625,26.572265625,25.888671875,26.11328125,22.796072006225586,180100.0
2016-03-21,25.947265625,26.142578125,25.458984375,25.556640625,22.310142517089844,91700.0
2016-03-22,25.29296875,25.869140625,24.8046875,25.771484375,22.497692108154297,67400.0
2016-03-23,25.595703125,25.7421875,25.05859375,25.09765625,21.909460067749023,75800.0
2016-03-24,24.8828125,25.146484375,24.70703125,25.087890625,21.90093421936035,94500.0
2016-03-28,25.13671875,25.654296875,24.892578125,25.09765625,21.909460067749023,42300.0
2016-03-29,24.9609375,25.703125,24.755859375,25.56640625,22.318662643432614,82200.0
2016-03-30,25.673828125,25.869140625,25.380859375,25.60546875,22.352766036987305,69000.0
2016-03-31,25.60546875,25.771484375,25.361328125,25.458984375,22.22488784790039,75400.0
2016-04-01,25.234375,25.615234375,24.84375,25.263671875,22.05438995361328,45000.0
2016-04-04,25.33203125,25.400390625,24.94140625,25.146484375,21.95208168029785,70100.0
2016-04-05,24.892578125,25.3515625,24.853515625,24.912109375,21.747486114501953,104900.0
2016-04-06,24.90234375,25.341796875,24.609375,25.0390625,21.858304977416992,34400.0
2016-04-07,24.82421875,24.82421875,24.052734375,24.21875,21.142202377319336,46600.0
2016-04-08,24.609375,24.951171875,24.3359375,24.47265625,21.363853454589844,61700.0
2016-04-11,24.443359375,25.166015625,24.443359375,24.62890625,21.50025749206543,50800.0
2016-04-12,24.6875,25.234375,24.6875,25.146484375,21.95208168029785,66500.0
2016-04-13,25.29296875,26.142578125,25.263671875,25.947265625,22.65114402770996,103000.0
2016-04-14,25.947265625,26.484375,25.83984375,26.123046875,22.804597854614254,44400.0
2016-04-15,26.0546875,26.11328125,25.732421875,25.78125,22.5062198638916,43500.0
2016-04-18,25.60546875,26.259765625,25.595703125,26.1328125,22.813121795654297,60500.0
2016-04-19,26.19140625,26.50390625,26.07421875,26.455078125,23.09444999694824,47700.0
2016-04-20,26.416015625,26.9921875,26.396484375,26.806640625,23.40134620666504,53400.0
2016-04-21,26.845703125,27.041015625,26.6015625,26.865234375,23.45250129699707,65800.0
2016-04-22,26.943359375,27.470703125,26.943359375,27.36328125,23.88727951049805,80200.0
2016-04-25,27.353515625,27.36328125,26.85546875,27.041015625,23.6059513092041,57400.0
2016-04-26,26.9921875,27.98828125,26.9921875,27.96875,24.41583251953125,95700.0
2016-04-27,27.87109375,28.02734375,27.431640625,27.919921875,24.37320899963379,56600.0
2016-04-28,27.646484375,27.998046875,27.646484375,27.67578125,24.16008186340332,52300.0
2016-04-29,28.3203125,29.2578125,28.0859375,28.525390625,24.901763916015625,150000.0
2016-05-02,28.515625,29.0234375,28.49609375,28.9453125,25.268348693847656,110300.0
2016-05-03,28.779296875,29.0625,28.18359375,28.41796875,24.80798721313477,69100.0
2016-05-04,28.1640625,28.759765625,27.98828125,28.466796875,24.85061454772949,69000.0
2016-05-05,28.5546875,28.69140625,28.18359375,28.291015625,24.697162628173828,49400.0
2016-05-06,28.28125,28.583984375,28.212890625,28.544921875,24.918811798095703,85800.0
2016-05-09,28.427734375,28.80859375,28.3203125,28.564453125,24.93586349487305,47500.0
2016-05-10,28.75,29.052734375,28.544921875,28.80859375,25.14899253845215,61000.0
2016-05-11,28.80859375,29.072265625,28.564453125,28.57421875,24.944393157958984,49500.0
2016-05-12,28.701171875,28.955078125,28.33984375,28.5546875,24.927343368530273,57000.0
2016-05-13,28.427734375,28.681640625,27.6171875,28.056640625,24.49256134033203,71400.0
2016-05-16,28.28125,29.208984375,28.28125,28.837890625,25.174570083618164,230600.0
2016-05-17,28.818359375,28.935546875,28.10546875,28.310546875,24.91672134399414,131800.0
2016-05-18,28.232421875,28.857421875,28.232421875,28.80859375,25.35506820678711,160000.0
2016-05-19,28.583984375,28.935546875,28.095703125,28.271484375,24.882343292236328,85900.0
2016-05-20,28.408203125,28.96484375,28.095703125,28.90625,25.44101333618164,98700.0
2016-05-23,28.896484375,28.90625,28.603515625,28.642578125,25.208948135375977,71400.0
2016-05-24,28.916015625,29.296875,28.916015625,29.287109375,25.77621650695801,122300.0
2016-05-25,29.296875,30.37109375,29.169921875,30.361328125,26.721664428710934,132400.0
2016-05-26,29.27734375,29.27734375,28.369140625,28.4375,25.02845764160156,71000.0
2016-05-27,28.505859375,28.759765625,28.349609375,28.73046875,25.28630828857422,59200.0
2016-05-31,28.75,28.96484375,28.57421875,28.798828125,25.34646797180176,87500.0
2016-06-01,28.759765625,29.5703125,28.681640625,29.53125,25.9910888671875,98400.0
2016-06-02,29.501953125,29.8046875,29.2578125,29.70703125,26.14580154418945,96400.0
2016-06-03,29.560546875,29.560546875,28.88671875,29.4140625,25.88795280456543,96800.0
2016-06-06,29.443359375,29.765625,29.375,29.462890625,25.93092918395996,68600.0
2016-06-07,29.482421875,30.05859375,29.443359375,29.78515625,26.214561462402344,99900.0
2016-06-08,29.78515625,30.17578125,29.404296875,29.98046875,26.386457443237305,71800.0
2016-06-09,29.736328125,29.921875,29.326171875,29.755859375,26.18877410888672,86800.0
2016-06-10,29.423828125,29.794921875,29.091796875,29.55078125,26.00827980041504,106800.0
2016-06-13,29.384765625,29.677734375,29.12109375,29.267578125,25.75902366638184,131100.0
2016-06-14,29.16015625,29.521484375,28.75,28.818359375,25.36366081237793,131100.0
2016-06-15,28.80859375,29.375,28.33984375,28.37890625,24.976886749267575,74000.0
2016-06-16,28.28125,28.84765625,28.0859375,28.75,25.303497314453125,156700.0
2016-06-17,28.818359375,29.384765625,28.818359375,29.0625,25.578533172607425,325300.0
2016-06-20,29.326171875,29.638671875,29.21875,29.619140625,26.06844520568848,90100.0
2016-06-21,29.638671875,29.794921875,29.345703125,29.677734375,26.120014190673828,65100.0
2016-06-22,29.53125,30.01953125,29.4140625,29.453125,25.922332763671875,71700.0
2016-06-23,29.921875,30.693359375,29.921875,30.546875,26.88496398925781,81900.0
2016-06-24,28.8671875,29.8828125,28.564453125,28.671875,25.23473930358887,241300.0
2016-06-27,28.28125,28.41796875,27.59765625,28.056640625,24.693254470825195,160500.0
2016-06-28,28.5546875,28.57421875,28.017578125,28.30078125,24.908132553100586,104500.0
2016-06-29,28.6328125,29.609375,28.45703125,29.580078125,26.034069061279297,78700.0
2016-06-30,29.560546875,30.1953125,29.2578125,30.1953125,26.575542449951172,111800.0
2016-07-01,30.01953125,30.1953125,29.609375,30.15625,26.54116630554199,112000.0
2016-07-05,29.892578125,29.892578125,29.3359375,29.541015625,25.999691009521484,56700.0
2016-07-06,29.35546875,29.86328125,29.3359375,29.70703125,26.14580154418945,62600.0
2016-07-07,29.736328125,30.205078125,29.619140625,29.931640625,26.34348487854004,54600.0
2016-07-08,30.21484375,30.859375,30.21484375,30.654296875,26.979511260986328,96800.0
2016-07-11,30.751953125,31.15234375,30.693359375,31.07421875,27.349090576171875,56400.0
2016-07-12,31.201171875,31.9140625,31.201171875,31.708984375,27.90776252746582,121000.0
2016-07-13,31.826171875,32.03125,31.71875,31.962890625,28.13122940063477,141100.0
2016-07-14,32.158203125,32.6171875,32.158203125,32.28515625,28.41486358642578,89100.0
2016-07-15,32.509765625,32.83203125,32.3046875,32.392578125,28.509410858154297,67800.0
2016-07-18,32.24609375,32.294921875,31.81640625,31.8359375,28.019495010375977,86000.0
2016-07-19,31.81640625,32.2265625,31.748046875,32.001953125,28.16561317443848,73400.0
2016-07-20,32.12890625,32.1875,31.77734375,31.806640625,27.99371337890625,46600.0
2016-07-21,31.669921875,31.953125,31.552734375,31.8359375,28.019495010375977,77900.0
2016-07-22,31.787109375,32.2265625,31.494140625,32.001953125,28.16561317443848,42800.0
2016-07-25,31.73828125,32.03125,31.357421875,31.669921875,27.87338447570801,53500.0
2016-07-26,31.630859375,31.81640625,31.494140625,31.6796875,27.881977081298828,62300.0
2016-07-27,31.66015625,32.119140625,31.66015625,31.953125,28.12263107299805,53000.0
2016-07-28,31.884765625,32.03125,31.708984375,31.81640625,28.00230407714844,39400.0
2016-07-29,31.220703125,31.34765625,29.7265625,29.873046875,26.29191398620605,136800.0
2016-08-01,29.794921875,29.8828125,29.31640625,29.70703125,26.14580154418945,148800.0
2016-08-02,29.765625,30.56640625,29.541015625,29.70703125,26.14580154418945,80800.0
2016-08-03,29.775390625,30.341796875,29.775390625,30.1953125,26.575542449951172,64200.0
2016-08-04,30.13671875,30.224609375,29.78515625,29.94140625,26.35207557678223,76900.0
2016-08-05,30.283203125,31.19140625,30.283203125,31.0546875,27.331899642944336,85600.0
2016-08-08,31.03515625,31.23046875,30.80078125,30.849609375,27.15140724182129,51500.0
2016-08-09,30.859375,31.2109375,30.810546875,30.908203125,27.202978134155273,32500.0
2016-08-10,30.91796875,30.91796875,30.302734375,30.33203125,26.69587516784668,41400.0
2016-08-11,30.458984375,30.703125,30.205078125,30.4296875,26.78182411193848,61400.0
2016-08-12,30.3125,30.3125,29.9609375,30.2734375,26.64430427551269,24700.0
2016-08-15,30.419921875,30.5859375,30.21484375,30.46875,26.81620216369629,64800.0
2016-08-16,30.1953125,30.3125,29.990234375,30.0390625,26.642974853515625,45200.0
2016-08-17,30.09765625,30.478515625,30.0390625,30.29296875,26.868179321289066,58600.0
2016-08-18,30.166015625,30.478515625,30.146484375,30.4296875,26.98944091796875,48600.0
2016-08-19,30.380859375,30.390625,30.1171875,30.3515625,26.920148849487305,57700.0
2016-08-22,30.17578125,30.83984375,30.146484375,30.83984375,27.353227615356445,66000.0
2016-08-23,30.908203125,31.240234375,30.771484375,31.142578125,27.621736526489254,47300.0
2016-08-24,31.1328125,31.357421875,30.7421875,31.2890625,27.751657485961914,62200.0
2016-08-25,31.201171875,31.689453125,30.8203125,31.689453125,28.10678291320801,54700.0
2016-08-26,31.767578125,32.021484375,31.455078125,31.591796875,28.02016830444336,82900.0
2016-08-29,31.69921875,32.109375,31.669921875,31.865234375,28.26269340515137,50300.0
2016-08-30,31.81640625,32.099609375,31.71875,31.982421875,28.366628646850586,42700.0
2016-08-31,31.953125,32.119140625,31.806640625,32.080078125,28.45324897766113,90900.0
2016-09-01,32.109375,32.119140625,31.298828125,31.71875,28.132770538330078,86500.0
2016-09-02,31.689453125,32.119140625,31.630859375,32.03125,28.40993690490723,53900.0
2016-09-06,32.119140625,32.119140625,31.416015625,31.58203125,28.01150894165039,50100.0
2016-09-07,31.46484375,31.97265625,31.46484375,31.77734375,28.18473243713379,63800.0
2016-09-08,31.796875,32.119140625,31.796875,32.109375,28.479230880737305,31600.0
2016-09-09,31.85546875,32.119140625,31.611328125,31.630859375,28.05481338500977,62500.0
2016-09-12,31.40625,32.001953125,30.99609375,31.85546875,28.25403022766113,47600.0
2016-09-13,31.416015625,31.416015625,30.80078125,31.162109375,27.639055252075195,68300.0
2016-09-14,31.103515625,31.25,30.76171875,30.791015625,27.309919357299805,58700.0
2016-09-15,30.80078125,31.240234375,30.6640625,31.064453125,27.55244255065918,32000.0
2016-09-16,30.9765625,31.07421875,30.615234375,30.859375,27.37055587768555,112900.0
2016-09-19,31.123046875,31.435546875,30.83984375,31.03515625,27.52645874023437,33100.0
2016-09-20,31.15234375,31.2109375,30.8984375,30.908203125,27.413856506347656,34200.0
2016-09-21,30.966796875,31.376953125,30.966796875,31.357421875,27.81229019165039,44100.0
2016-09-22,31.50390625,32.119140625,31.171875,32.08984375,28.46190643310547,111700.0
2016-09-23,31.953125,32.001953125,31.533203125,31.62109375,28.0461483001709,47600.0
2016-09-26,31.416015625,31.416015625,30.654296875,30.712890625,27.24062538146973,47800.0
2016-09-27,30.78125,31.09375,30.72265625,30.91796875,27.422521591186523,73700.0
2016-09-28,30.986328125,31.42578125,30.8203125,31.40625,27.855600357055664,52700.0
2016-09-29,31.279296875,31.630859375,30.8984375,30.927734375,27.43117904663086,34000.0
2016-09-30,31.0546875,31.71875,31.0546875,31.42578125,27.872920989990234,83500.0
2016-10-03,31.201171875,31.708984375,31.064453125,31.30859375,27.768983840942386,63300.0
2016-10-04,31.474609375,31.591796875,31.240234375,31.40625,27.855600357055664,29500.0
2016-10-05,31.455078125,31.875,31.455078125,31.73828125,28.150094985961914,101700.0
2016-10-06,31.7578125,32.119140625,31.650390625,32.109375,28.479230880737305,79500.0
2016-10-07,32.158203125,32.158203125,31.66015625,31.865234375,28.26269340515137,86900.0
2016-10-10,31.9140625,32.1875,31.884765625,32.01171875,28.39261817932129,53100.0
2016-10-11,32.060546875,32.32421875,31.77734375,32.03125,28.40993690490723,74700.0
2016-10-12,31.904296875,32.236328125,31.865234375,31.875,28.271352767944336,35800.0
2016-10-13,31.6796875,31.6796875,30.83984375,31.064453125,27.55244255065918,69900.0
2016-10-14,31.435546875,32.041015625,30.95703125,31.865234375,28.26269340515137,96500.0
2016-10-17,31.806640625,31.93359375,31.015625,31.337890625,27.794963836669922,32400.0
2016-10-18,31.71875,31.826171875,31.46484375,31.474609375,27.91622734069824,34400.0
2016-10-19,31.6796875,31.904296875,31.376953125,31.748046875,28.158754348754886,55200.0
2016-10-20,31.62109375,31.875,31.50390625,31.640625,28.0634765625,34200.0
2016-10-21,31.396484375,31.875,31.3671875,31.611328125,28.03748893737793,31100.0
2016-10-24,31.73828125,32.03125,31.73828125,31.89453125,28.28867530822754,52900.0
2016-10-25,31.943359375,32.119140625,31.85546875,32.05078125,28.42725944519043,36200.0
2016-10-26,31.875,32.265625,31.748046875,31.767578125,28.17607498168945,30900.0
2016-10-27,32.041015625,32.05078125,31.787109375,31.884765625,28.280012130737305,44000.0
2016-10-28,31.328125,32.4609375,31.328125,32.099609375,28.470569610595703,97100.0
2016-10-31,32.255859375,32.32421875,31.40625,31.85546875,28.25403022766113,98400.0
2016-11-01,31.845703125,31.845703125,31.005859375,31.2890625,27.751657485961914,110100.0
2016-11-02,31.162109375,31.2890625,30.537109375,30.80078125,27.31858253479004,59900.0
2016-11-03,30.986328125,31.26953125,30.869140625,30.9765625,27.47448921203613,45600.0
2016-11-04,31.044921875,31.58203125,30.693359375,30.99609375,27.491811752319336,38200.0
2016-11-07,31.6796875,32.236328125,31.2890625,32.109375,28.479230880737305,78600.0
2016-11-08,31.953125,32.314453125,31.611328125,32.01171875,28.39261817932129,61400.0
2016-11-09,32.158203125,33.90625,32.12890625,33.49609375,29.70917510986328,142700.0
2016-11-10,33.59375,34.90234375,32.94921875,34.580078125,30.67060470581055,194700.0
2016-11-11,34.033203125,36.58203125,34.033203125,36.58203125,32.44622802734375,182200.0
2016-11-14,36.9140625,37.998046875,36.533203125,37.109375,32.91394805908203,206700.0
2016-11-15,36.650390625,36.650390625,33.3984375,36.201171875,32.36393356323242,141200.0
2016-11-16,35.91796875,36.46484375,33.88671875,36.103515625,32.27663040161133,114100.0
2016-11-17,36.171875,37.01171875,35.712890625,36.494140625,32.62584686279297,92800.0
2016-11-18,36.474609375,37.021484375,36.34765625,36.787109375,32.887752532958984,116000.0
2016-11-21,36.796875,36.884765625,35.908203125,36.46484375,32.599655151367195,89300.0
2016-11-22,36.650390625,37.314453125,36.650390625,37.216796875,33.271900177001946,110400.0
2016-11-23,37.236328125,37.59765625,36.904296875,37.314453125,33.359203338623054,64100.0
2016-11-25,37.353515625,37.6953125,37.2265625,37.40234375,33.437782287597656,28300.0
2016-11-28,37.3828125,37.3828125,36.54296875,36.6796875,32.79172515869141,71300.0
2016-11-29,36.845703125,37.3828125,36.748046875,37.294921875,33.341751098632805,85600.0
2016-11-30,37.6953125,37.96875,37.197265625,37.568359375,33.586196899414055,78700.0
2016-12-01,37.626953125,38.076171875,37.158203125,37.32421875,33.36794662475586,117200.0
2016-12-02,37.2265625,37.578125,37.001953125,37.236328125,33.289363861083984,56900.0
2016-12-05,37.265625,37.822265625,37.080078125,37.451171875,33.48144149780273,118500.0
2016-12-06,35.83984375,36.1328125,35.498046875,35.9765625,32.163131713867195,1483800.0
2016-12-07,35.966796875,36.962890625,35.95703125,36.484375,32.617115020751946,522700.0
2016-12-08,36.748046875,37.841796875,36.62109375,37.607421875,33.621131896972656,390600.0
2016-12-09,37.353515625,37.919921875,36.884765625,37.5,33.52508544921875,211200.0
2016-12-12,37.431640625,37.71484375,36.376953125,36.58203125,32.704418182373054,184000.0
2016-12-13,36.669921875,37.109375,36.376953125,37.109375,33.175865173339844,353900.0
2016-12-14,36.81640625,37.1875,36.572265625,36.611328125,32.73061370849609,221200.0
2016-12-15,36.865234375,37.40234375,36.69921875,37.392578125,33.42904663085937,276800.0
2016-12-16,37.294921875,37.685546875,36.845703125,36.85546875,32.94887542724609,955100.0
2016-12-19,36.689453125,37.099609375,36.455078125,36.650390625,32.765533447265625,283900.0
2016-12-20,36.806640625,37.2265625,36.5234375,37.05078125,33.12348175048828,195000.0
2016-12-21,36.953125,37.138671875,36.6015625,36.6015625,32.721878051757805,144300.0
2016-12-22,36.513671875,37.236328125,36.435546875,36.85546875,32.94887542724609,121500.0
2016-12-23,36.767578125,37.001953125,36.591796875,36.85546875,32.94887542724609,67500.0
2016-12-27,36.884765625,37.158203125,36.630859375,36.962890625,33.044910430908196,109800.0
2016-12-28,37.05078125,37.08984375,36.708984375,36.7578125,32.86156463623047,64600.0
2016-12-29,36.7578125,37.109375,36.572265625,36.81640625,32.913951873779304,146600.0
2016-12-30,36.884765625,36.884765625,36.328125,36.787109375,32.887752532958984,122700.0
2017-01-03,37.20703125,37.20703125,36.376953125,36.6796875,32.79172515869141,197700.0
2017-01-04,36.73828125,37.32421875,36.73828125,36.982421875,33.062366485595696,249900.0
2017-01-05,36.904296875,37.021484375,36.376953125,36.62109375,32.73934555053711,155300.0
2017-01-06,36.85546875,36.875,36.38671875,36.40625,32.54726791381836,84500.0
2017-01-09,36.279296875,36.4453125,35.615234375,35.673828125,31.892486572265625,169300.0
2017-01-10,35.7421875,36.767578125,35.732421875,36.513671875,32.64330291748047,192400.0
2017-01-11,36.46484375,36.89453125,36.103515625,36.552734375,32.67823028564453,187000.0
2017-01-12,36.34765625,36.376953125,35.478515625,36.15234375,32.32027816772461,163500.0
2017-01-13,36.40625,37.080078125,36.40625,36.611328125,32.73061370849609,289300.0
2017-01-17,36.396484375,36.5625,35.25390625,35.341796875,31.59564781188965,152400.0
2017-01-18,35.64453125,35.83984375,35.3125,35.810546875,32.01470184326172,74400.0
2017-01-19,35.87890625,35.87890625,35.166015625,35.41015625,31.656757354736328,84700.0
2017-01-20,35.498046875,36.279296875,35.498046875,36.025390625,32.206790924072266,122000.0
2017-01-23,35.91796875,36.09375,35.546875,35.927734375,32.11947250366211,120800.0
2017-01-24,36.005859375,36.669921875,35.830078125,36.494140625,32.62584686279297,144300.0
2017-01-25,36.71875,36.81640625,36.142578125,36.3671875,32.51234817504883,143000.0
2017-01-26,36.42578125,36.73828125,36.337890625,36.5234375,32.65203857421875,87800.0
2017-01-27,35.21484375,35.72265625,33.8671875,34.169921875,30.547990798950195,361600.0
2017-01-30,33.92578125,33.955078125,32.6953125,33.076171875,29.57017517089844,215600.0
2017-01-31,32.978515625,33.4765625,32.94921875,33.359375,29.82336235046387,201000.0
2017-02-01,33.701171875,34.072265625,33.6328125,33.8671875,30.27734184265137,172500.0
2017-02-02,33.466796875,33.525390625,33.10546875,33.45703125,29.91066169738769,120600.0
2017-02-03,33.80859375,33.96484375,33.447265625,33.9453125,30.34718513488769,144200.0
2017-02-06,33.671875,33.916015625,33.212890625,33.22265625,29.70112609863281,115300.0
2017-02-07,33.369140625,33.57421875,33.017578125,33.10546875,29.596364974975586,167300.0
2017-02-08,32.978515625,34.189453125,32.265625,32.548828125,29.098730087280273,125500.0
2017-02-09,32.724609375,33.251953125,32.470703125,33.203125,29.68367004394531,125400.0
2017-02-10,33.22265625,33.369140625,32.900390625,33.203125,29.68367004394531,68500.0
2017-02-13,33.349609375,33.92578125,33.26171875,33.88671875,30.2948055267334,107000.0
2017-02-14,33.75,34.619140625,33.359375,34.462890625,30.80990791320801,104800.0
2017-02-15,34.599609375,34.638671875,34.267578125,34.580078125,30.914669036865234,63100.0
2017-02-16,34.4921875,35.048828125,34.306640625,35.029296875,31.316272735595703,117800.0
2017-02-17,34.990234375,35.009765625,34.443359375,34.86328125,31.16786003112793,153300.0
2017-02-21,34.873046875,34.990234375,34.365234375,34.697265625,31.23819351196289,90600.0
2017-02-22,34.599609375,35.09765625,34.169921875,35.05859375,31.56349754333496,164300.0
2017-02-23,35.146484375,35.15625,34.58984375,35.068359375,31.572288513183594,105500.0
2017-02-24,34.70703125,34.98046875,34.4140625,34.7265625,31.26456451416016,120400.0
2017-02-27,34.287109375,34.775390625,34.287109375,34.58984375,31.1414794921875,121000.0
2017-02-28,34.51171875,34.677734375,34.1796875,34.404296875,30.97443008422852,106900.0
2017-03-01,34.814453125,35.537109375,34.765625,35.205078125,31.69537925720215,223300.0
2017-03-02,35.29296875,35.361328125,34.4140625,34.462890625,31.02718544006348,99300.0
2017-03-03,34.521484375,34.716796875,34.296875,34.4140625,30.98322296142578,105800.0
2017-03-06,34.326171875,35.05859375,33.9453125,34.326171875,30.90409278869629,97400.0
2017-03-07,34.365234375,34.51171875,34.08203125,34.150390625,30.745830535888672,70100.0
2017-03-08,34.1796875,34.306640625,33.212890625,33.349609375,30.024885177612305,185700.0
2017-03-09,33.515625,34.08203125,32.98828125,33.095703125,29.79628944396973,95100.0
2017-03-10,33.291015625,33.30078125,32.6953125,32.998046875,29.708370208740234,148100.0
2017-03-13,33.037109375,33.671875,32.94921875,33.212890625,29.901796340942386,109500.0
2017-03-14,33.076171875,33.076171875,32.48046875,32.83203125,29.55890655517578,201600.0
2017-03-15,32.94921875,33.359375,32.890625,32.900390625,29.62045288085937,149900.0
2017-03-16,33.10546875,33.603515625,33.0859375,33.4375,30.1040096282959,175200.0
2017-03-17,33.30078125,33.916015625,32.900390625,33.837890625,30.464487075805664,919800.0
2017-03-20,33.662109375,33.662109375,33.18359375,33.22265625,29.910587310791016,146200.0
2017-03-21,33.505859375,33.505859375,31.669921875,31.826171875,28.6533203125,229100.0
2017-03-22,31.73828125,31.81640625,30.966796875,31.2890625,28.16975975036621,148500.0
2017-03-23,31.318359375,31.97265625,31.142578125,31.708984375,28.54781913757324,96100.0
2017-03-24,31.796875,31.9921875,31.416015625,31.513671875,28.37197494506836,183900.0
2017-03-27,31.044921875,31.669921875,30.46875,31.6015625,28.451107025146484,97200.0
2017-03-28,31.5234375,31.97265625,31.162109375,31.89453125,28.714866638183594,82000.0
2017-03-29,31.767578125,31.923828125,31.62109375,31.89453125,28.714866638183594,90600.0
2017-03-30,31.85546875,33.0859375,31.85546875,32.978515625,29.690786361694336,147300.0
2017-03-31,32.939453125,33.203125,32.568359375,32.783203125,29.51494598388672,145300.0
2017-04-03,32.8125,33.1640625,32.05078125,32.24609375,29.031381607055664,94600.0
2017-04-04,32.197265625,32.4609375,31.962890625,32.294921875,29.07534408569336,105900.0
2017-04-05,32.568359375,32.83203125,31.46484375,31.494140625,28.35439300537109,83300.0
2017-04-06,31.50390625,31.943359375,31.3671875,31.884765625,28.70607566833496,74000.0
2017-04-07,31.689453125,32.03125,31.4453125,31.943359375,28.75882911682129,218900.0
2017-04-10,32.021484375,32.2265625,31.46484375,31.796875,28.6269474029541,60200.0
2017-04-11,31.591796875,32.275390625,31.552734375,32.265625,29.048969268798828,65500.0
2017-04-12,32.216796875,32.5,31.572265625,31.650390625,28.49507141113281,48000.0
2017-04-13,31.46484375,31.73828125,31.15234375,31.15234375,28.046674728393555,93000.0
2017-04-17,31.220703125,31.9921875,31.181640625,31.962890625,28.77641296386719,74200.0
2017-04-18,31.77734375,32.001953125,31.26953125,31.884765625,28.70607566833496,61200.0
2017-04-19,32.080078125,32.587890625,31.962890625,32.1484375,28.94346046447754,57200.0
2017-04-20,32.3828125,32.939453125,32.34375,32.861328125,29.585289001464844,70700.0
2017-04-21,32.79296875,33.173828125,32.51953125,32.96875,29.6820011138916,79500.0
2017-04-24,33.681640625,34.033203125,33.28125,33.7890625,30.420522689819336,97700.0
2017-04-25,34.150390625,34.443359375,33.84765625,33.857421875,30.48206901550293,69500.0
2017-04-26,33.84765625,34.82421875,33.84765625,34.53125,31.088726043701172,129300.0
2017-04-27,34.599609375,34.599609375,33.720703125,34.27734375,30.86013221740723,108700.0
2017-04-28,35.947265625,35.947265625,33.720703125,33.90625,30.52603530883789,119300.0
2017-05-01,34.0625,35.0,33.984375,34.912109375,31.43161582946777,82700.0
2017-05-02,34.98046875,35.17578125,34.462890625,34.755859375,31.29094123840332,117000.0
2017-05-03,34.599609375,34.84375,34.2578125,34.7265625,31.26456451416016,79100.0
2017-05-04,34.94140625,35.419921875,34.619140625,34.814453125,31.34369659423828,102800.0
2017-05-05,34.931640625,35.78125,34.6875,35.15625,31.65141487121582,219700.0
2017-05-08,35.17578125,35.25390625,34.8828125,35.15625,31.65141487121582,95200.0
2017-05-09,35.15625,35.1953125,34.66796875,34.86328125,31.38764953613281,111500.0
2017-05-10,34.755859375,34.8828125,34.384765625,34.5703125,31.12389373779297,73800.0
2017-05-11,34.47265625,34.599609375,33.916015625,34.0234375,30.63153648376465,104600.0
2017-05-12,33.857421875,33.96484375,33.388671875,33.642578125,30.28864097595215,90600.0
2017-05-15,33.69140625,34.267578125,33.69140625,33.9453125,30.561199188232425,126800.0
2017-05-16,33.73046875,33.84765625,33.291015625,33.828125,30.70301628112793,69300.0
2017-05-17,33.076171875,33.203125,31.97265625,32.470703125,29.47100257873535,183600.0
2017-05-18,32.3046875,32.94921875,32.3046875,32.734375,29.71031188964844,73500.0
2017-05-19,32.724609375,33.046875,32.548828125,32.65625,29.639408111572266,101500.0
2017-05-22,32.6953125,32.763671875,32.3046875,32.75390625,29.728036880493164,70300.0
2017-05-23,32.744140625,33.26171875,32.373046875,33.076171875,30.02053260803223,92400.0
2017-05-24,33.056640625,33.33984375,32.587890625,32.75390625,29.728036880493164,67400.0
2017-05-25,32.97999954223633,33.549999237060554,32.720001220703125,33.450000762939446,30.35983085632324,122100.0
2017-05-26,33.52000045776367,34.31999969482422,33.11999893188477,33.31999969482422,30.24183654785156,87500.0
2017-05-30,33.209999084472656,33.400001525878906,32.81999969482422,32.950000762939446,29.9060173034668,111100.0
2017-05-31,32.990001678466804,32.990001678466804,32.34999847412109,32.560001373291016,29.55205154418945,106000.0
2017-06-01,32.860000610351555,33.36999893188477,32.419998168945305,33.330001831054695,30.250911712646484,71900.0
2017-06-02,33.049999237060554,34.110000610351555,33.040000915527344,33.389999389648445,30.30536651611328,104000.0
2017-06-05,33.470001220703125,33.779998779296875,32.900001525878906,32.950000762939446,29.9060173034668,47100.0
2017-06-06,32.689998626708984,33.040000915527344,32.330001831054695,32.720001220703125,29.697265625,55500.0
2017-06-07,32.889999389648445,33.11999893188477,32.72999954223633,32.86999893188477,29.833410263061523,62700.0
2017-06-08,33.02000045776367,34.84999847412109,32.720001220703125,34.130001068115234,30.97701072692871,132100.0
2017-06-09,34.36999893188477,36.11000061035156,34.34999847412109,35.63999938964844,32.34750366210937,183800.0
2017-06-12,35.650001525878906,35.93000030517578,34.47999954223633,35.009998321533196,31.77571105957031,139800.0
2017-06-13,35.15999984741211,35.189998626708984,34.220001220703125,34.47999954223633,31.29467010498047,107200.0
2017-06-14,34.27000045776367,35.189998626708984,34.06999969482422,35.060001373291016,31.82109451293945,123400.0
2017-06-15,34.779998779296875,35.41999816894531,34.610000610351555,35.22999954223633,31.975385665893555,123400.0
2017-06-16,34.959999084472656,35.45000076293945,34.56999969482422,34.93000030517578,31.70309829711914,459100.0
2017-06-19,35.2400016784668,35.40999984741211,34.669998168945305,34.950000762939446,31.721254348754886,80900.0
2017-06-20,35.029998779296875,35.11999893188477,34.580001831054695,34.799999237060554,31.58510971069336,119000.0
2017-06-21,34.81999969482422,35.0,33.860000610351555,33.950000762939446,30.813634872436523,109400.0
2017-06-22,33.880001068115234,33.970001220703125,33.299999237060554,33.470001220703125,30.37798118591309,56000.0
2017-06-23,33.459999084472656,33.720001220703125,33.330001831054695,33.630001068115234,30.5231990814209,230600.0
2017-06-26,33.639999389648445,34.25,33.509998321533196,34.02000045776367,30.87717056274414,81600.0
2017-06-27,34.189998626708984,34.400001525878906,33.900001525878906,33.959999084472656,30.822710037231445,51500.0
2017-06-28,34.15999984741211,34.990001678466804,34.15999984741211,34.669998168945305,31.467121124267575,109200.0
2017-06-29,34.75,35.5,34.720001220703125,35.049999237060554,31.81201171875,100100.0
2017-06-30,35.20000076293945,35.439998626708984,34.68000030517578,34.939998626708984,31.712181091308594,83400.0
2017-07-03,35.110000610351555,36.18999862670898,35.110000610351555,35.88999938964844,32.574413299560554,86100.0
2017-07-05,36.02000045776367,36.02000045776367,35.169998168945305,35.400001525878906,32.129684448242195,62600.0
2017-07-06,35.279998779296875,35.66999816894531,35.0,35.150001525878906,31.902772903442386,130300.0
2017-07-07,35.43000030517578,35.61000061035156,35.060001373291016,35.459999084472656,32.18414306640625,92800.0
2017-07-10,35.110000610351555,35.400001525878906,34.939998626708984,34.97999954223633,31.74848175048828,37000.0
2017-07-11,34.970001220703125,34.970001220703125,34.40999984741211,34.830001831054695,31.612335205078125,84700.0
2017-07-12,34.830001831054695,35.349998474121094,34.75,35.02000045776367,31.7847900390625,113600.0
2017-07-13,35.009998321533196,35.09999847412109,34.650001525878906,34.939998626708984,31.712181091308594,50400.0
2017-07-14,34.84000015258789,35.130001068115234,34.509998321533196,34.93000030517578,31.70309829711914,88900.0
2017-07-17,34.90999984741211,35.06999969482422,34.639999389648445,34.84999847412109,31.63049125671387,72500.0
2017-07-18,34.630001068115234,35.040000915527344,34.630001068115234,34.900001525878906,31.67587661743164,43600.0
2017-07-19,34.86999893188477,35.110000610351555,34.77000045776367,35.09000015258789,31.84832000732422,56400.0
2017-07-20,35.06999969482422,35.380001068115234,34.709999084472656,35.009998321533196,31.77571105957031,62100.0
2017-07-21,35.29999923706055,35.349998474121094,34.970001220703125,35.09999847412109,31.85739326477051,111200.0
2017-07-24,35.06999969482422,35.349998474121094,34.84000015258789,35.049999237060554,31.81201171875,65600.0
2017-07-25,35.33000183105469,36.22000122070313,35.33000183105469,35.95000076293945,32.62887954711914,105200.0
2017-07-26,35.939998626708984,35.939998626708984,35.130001068115234,35.599998474121094,32.31119918823242,62700.0
2017-07-27,35.689998626708984,35.97999954223633,35.400001525878906,35.599998474121094,32.31119918823242,68100.0
2017-07-28,34.810001373291016,35.459999084472656,34.669998168945305,34.720001220703125,31.51250267028809,107900.0
2017-07-31,34.61999893188477,34.860000610351555,34.47999954223633,34.72999954223633,31.521583557128906,191600.0
2017-08-01,35.049999237060554,35.11999893188477,34.75,35.06999969482422,31.83017158508301,67700.0
2017-08-02,35.080001831054695,35.209999084472656,34.68000030517578,35.049999237060554,31.81201171875,78200.0
2017-08-03,34.86999893188477,34.880001068115234,34.09999847412109,34.150001525878906,30.995159149169922,96300.0
2017-08-04,34.59999847412109,34.639999389648445,34.169998168945305,34.27000045776367,31.10407257080078,84000.0
2017-08-07,34.389999389648445,34.389999389648445,33.799999237060554,33.93000030517578,30.79548072814941,97800.0
2017-08-08,33.939998626708984,34.889999389648445,33.77000045776367,34.09999847412109,30.94977569580078,80700.0
2017-08-09,33.689998626708984,34.0,33.450000762939446,33.549999237060554,30.45058822631836,99800.0
2017-08-10,33.419998168945305,33.450000762939446,32.810001373291016,32.959999084472656,29.91509246826172,100700.0
2017-08-11,33.15999984741211,33.189998626708984,32.439998626708984,32.779998779296875,29.751724243164066,77500.0
2017-08-14,33.029998779296875,33.799999237060554,33.0,33.720001220703125,30.60488319396973,86000.0
2017-08-15,33.77000045776367,33.84000015258789,33.150001525878906,33.150001525878906,30.33946990966797,45300.0
2017-08-16,33.27000045776367,33.40999984741211,32.990001678466804,33.11999893188477,30.312015533447266,40600.0
2017-08-17,32.860000610351555,33.02000045776367,32.06999969482422,32.11999893188477,29.39679527282715,86800.0
2017-08-18,31.81999969482422,32.47999954223633,31.6200008392334,32.209999084472656,29.47916603088379,91200.0
2017-08-21,32.360000610351555,32.400001525878906,32.06999969482422,32.220001220703125,29.488319396972656,45900.0
2017-08-22,32.220001220703125,32.5,32.09999847412109,32.299999237060554,29.5615348815918,61300.0
2017-08-23,31.95000076293945,32.610000610351555,31.95000076293945,32.380001068115234,29.63475227355957,73400.0
2017-08-24,32.389999389648445,32.86999893188477,32.389999389648445,32.759998321533196,29.982534408569336,55200.0
2017-08-25,32.950000762939446,33.259998321533196,32.950000762939446,33.09999847412109,30.293710708618164,70000.0
2017-08-28,33.36999893188477,33.36999893188477,32.5,32.720001220703125,29.94593048095703,54600.0
2017-08-29,32.31999969482422,32.860000610351555,32.259998321533196,32.799999237060554,30.01914405822754,92000.0
2017-08-30,32.810001373291016,32.86999893188477,32.509998321533196,32.759998321533196,29.982534408569336,53200.0
2017-08-31,32.84999847412109,33.130001068115234,32.549999237060554,32.669998168945305,29.90016365051269,79300.0
2017-09-01,32.779998779296875,33.11999893188477,32.700000762939446,33.009998321533196,30.211339950561523,80300.0
2017-09-05,32.880001068115234,33.22999954223633,32.31999969482422,32.439998626708984,29.689661026000977,123800.0
2017-09-06,32.630001068115234,32.810001373291016,32.09000015258789,32.09999847412109,29.37849044799805,238100.0
2017-09-07,32.049999237060554,32.080001831054695,31.20000076293945,31.56999969482422,28.89342498779297,114800.0
2017-09-08,31.53000068664551,31.899999618530273,31.43000030517578,31.78000068664551,29.085622787475586,138100.0
2017-09-11,32.130001068115234,32.580001831054695,32.06999969482422,32.459999084472656,29.707969665527344,70000.0
2017-09-12,32.419998168945305,33.259998321533196,32.419998168945305,33.130001068115234,30.3211669921875,78100.0
2017-09-13,33.029998779296875,33.330001831054695,32.900001525878906,33.18000030517578,30.366928100585934,62000.0
2017-09-14,33.290000915527344,33.5,32.779998779296875,32.959999084472656,30.16558074951172,53200.0
2017-09-15,32.790000915527344,33.11999893188477,32.549999237060554,32.950000762939446,30.15642738342285,256800.0
2017-09-18,33.150001525878906,33.36999893188477,33.02000045776367,33.18000030517578,30.366928100585934,73300.0
2017-09-19,33.25,33.68000030517578,33.150001525878906,33.470001220703125,30.63234519958496,107500.0
2017-09-20,33.360000610351555,34.240001678466804,33.34000015258789,33.90999984741211,31.0350341796875,77500.0
2017-09-21,34.060001373291016,34.15999984741211,33.790000915527344,33.810001373291016,30.94351959228516,46100.0
2017-09-22,33.77000045776367,34.060001373291016,33.689998626708984,33.799999237060554,30.93436050415039,84200.0
2017-09-25,33.790000915527344,34.279998779296875,33.740001678466804,34.200000762939446,31.300445556640625,120900.0
2017-09-26,34.36999893188477,34.75,33.919998168945305,34.68000030517578,31.739749908447266,94100.0
2017-09-27,34.90999984741211,35.9900016784668,34.5,35.93000030517578,32.883777618408196,206800.0
2017-09-28,36.0,36.31999969482422,35.41999816894531,36.040000915527344,32.984451293945305,82100.0
2017-09-29,36.150001525878906,36.560001373291016,35.90999984741211,36.36000061035156,33.27731704711914,125900.0
2017-10-02,36.43999862670898,36.95000076293945,36.13000106811523,36.93000030517578,33.79898834228516,92200.0
2017-10-03,37.0,37.08000183105469,36.2400016784668,36.65999984741211,33.55188369750977,100900.0
2017-10-04,36.709999084472656,36.810001373291016,36.15999984741211,36.18999862670898,33.12173843383789,69200.0
2017-10-05,36.349998474121094,36.77000045776367,36.22999954223633,36.75,33.63425445556641,77500.0
2017-10-06,36.81999969482422,37.08000183105469,36.52000045776367,36.650001525878906,33.542728424072266,80600.0
2017-10-09,36.650001525878906,36.97999954223633,36.45000076293945,36.4900016784668,33.396297454833984,71900.0
2017-10-10,36.70000076293945,37.11000061035156,36.59000015258789,37.040000915527344,33.899669647216804,51800.0
2017-10-11,36.9900016784668,37.13000106811523,36.79999923706055,36.900001525878906,33.77153778076172,88700.0
2017-10-12,36.95000076293945,36.95000076293945,36.47999954223633,36.58000183105469,33.478668212890625,57700.0
2017-10-13,36.54999923706055,36.849998474121094,36.36000061035156,36.58000183105469,33.478668212890625,65500.0
2017-10-16,36.40999984741211,37.11999893188477,36.349998474121094,36.86000061035156,33.73493194580078,65200.0
2017-10-17,36.97000122070313,37.13000106811523,36.43999862670898,36.5099983215332,33.414608001708984,54600.0
2017-10-18,36.70000076293945,37.099998474121094,36.65999984741211,36.84000015258789,33.716629028320305,50400.0
2017-10-19,36.70000076293945,37.02999877929688,35.11999893188477,36.83000183105469,33.707469940185554,48800.0
2017-10-20,37.27999877929688,37.56999969482422,36.709999084472656,36.86999893188477,33.744075775146484,86400.0
2017-10-23,37.060001373291016,37.5,36.38000106811523,36.540000915527344,33.442066192626946,52100.0
2017-10-24,36.72999954223633,37.04999923706055,36.61000061035156,36.70000076293945,33.58849334716797,50700.0
2017-10-25,36.81999969482422,36.93000030517578,36.29999923706055,36.790000915527344,33.670860290527344,42500.0
2017-10-26,37.0,37.27000045776367,36.709999084472656,37.0,33.863059997558594,52000.0
2017-10-27,37.0,37.11999893188477,35.779998779296875,36.65999984741211,33.55188369750977,114000.0
2017-10-30,36.43000030517578,36.43000030517578,34.77000045776367,35.25,32.261425018310554,142500.0
2017-10-31,35.209999084472656,35.93000030517578,35.06999969482422,35.40999984741211,32.40785980224609,119800.0
2017-11-01,35.84000015258789,36.27999877929688,34.959999084472656,35.560001373291016,32.54514312744141,98200.0
2017-11-02,35.630001068115234,36.22999954223633,35.33000183105469,36.02999877929688,32.975296020507805,51800.0
2017-11-03,36.02000045776367,36.02999877929688,35.439998626708984,35.5,32.490238189697266,90400.0
2017-11-06,35.4900016784668,35.720001220703125,35.080001831054695,35.169998168945305,32.18820953369141,104400.0
2017-11-07,35.18000030517578,35.68000030517578,33.97999954223633,34.43000030517578,31.51095390319824,157600.0
2017-11-08,34.220001220703125,34.259998321533196,33.380001068115234,33.97999954223633,31.09909820556641,138100.0
2017-11-09,33.950000762939446,34.18000030517578,33.439998626708984,33.84999847412109,30.98012733459473,62400.0
2017-11-10,33.860000610351555,34.22999954223633,33.740001678466804,34.02000045776367,31.13571357727051,75600.0
2017-11-13,33.919998168945305,34.400001525878906,33.61999893188477,34.34000015258789,31.42857551574707,50600.0
2017-11-14,34.220001220703125,34.490001678466804,34.02000045776367,34.459999084472656,31.53840255737305,97700.0
2017-11-15,33.900001525878906,34.43000030517578,33.77000045776367,34.11999893188477,31.5014762878418,53900.0
2017-11-16,34.330001831054695,34.740001678466804,34.049999237060554,34.220001220703125,31.59379959106445,46400.0
2017-11-17,34.029998779296875,34.450000762939446,33.34000015258789,34.31999969482422,31.686124801635746,52100.0
2017-11-20,34.400001525878906,34.65999984741211,33.84999847412109,34.630001068115234,31.97233581542969,64600.0
2017-11-21,34.86999893188477,35.110000610351555,34.650001525878906,35.040000915527344,32.35087203979492,91300.0
2017-11-22,35.130001068115234,35.970001220703125,34.610000610351555,34.65999984741211,32.000030517578125,49500.0
2017-11-24,34.81999969482422,35.0,34.259998321533196,34.34999847412109,31.713823318481445,28300.0
2017-11-27,34.360000610351555,34.950000762939446,34.360000610351555,34.529998779296875,31.88000869750977,45700.0
2017-11-28,34.720001220703125,36.0,34.630001068115234,35.970001220703125,33.209503173828125,114400.0
2017-11-29,36.13999938964844,37.540000915527344,35.790000915527344,37.099998474121094,34.25277709960937,130900.0
2017-11-30,37.349998474121094,37.349998474121094,36.0099983215332,36.20000076293945,33.42185211181641,110800.0
2017-12-01,36.34000015258789,36.34000015258789,34.759998321533196,36.18999862670898,33.412612915039055,88300.0
2017-12-04,36.77999877929688,37.060001373291016,36.20000076293945,36.27999877929688,33.495704650878906,86600.0
2017-12-05,36.4900016784668,36.4900016784668,35.0,35.15999984741211,32.46166610717773,122800.0
2017-12-06,35.080001831054695,35.2599983215332,34.380001068115234,34.459999084472656,31.815385818481445,204900.0
2017-12-07,34.450000762939446,35.130001068115234,34.06999969482422,34.610000610351555,31.95387077331543,115900.0
2017-12-08,34.81999969482422,34.81999969482422,34.110000610351555,34.439998626708984,31.79690933227539,88500.0
2017-12-11,34.40999984741211,34.47999954223633,33.529998779296875,33.740001678466804,31.1506404876709,149700.0
2017-12-12,33.860000610351555,34.380001068115234,33.549999237060554,34.0,31.390687942504886,196300.0
2017-12-13,34.040000915527344,34.59999847412109,33.90999984741211,33.959999084472656,31.3537540435791,98700.0
2017-12-14,34.09999847412109,34.470001220703125,33.52000045776367,33.860000610351555,31.26142883300781,159900.0
2017-12-15,33.93000030517578,35.349998474121094,33.93000030517578,34.639999389648445,31.9815673828125,788500.0
2017-12-18,34.900001525878906,35.86000061035156,34.880001068115234,35.220001220703125,32.51705551147461,120300.0
2017-12-19,35.29999923706055,35.29999923706055,34.65999984741211,34.84999847412109,32.17544937133789,74900.0
2017-12-20,35.110000610351555,35.27000045776367,34.310001373291016,34.72999954223633,32.064659118652344,68500.0
2017-12-21,34.889999389648445,35.15999984741211,34.759998321533196,34.830001831054695,32.156986236572266,66200.0
2017-12-22,34.81999969482422,34.86999893188477,34.150001525878906,34.259998321533196,31.6307315826416,80900.0
2017-12-26,34.09999847412109,34.459999084472656,33.970001220703125,34.389999389648445,31.75075721740723,109500.0
2017-12-27,34.36999893188477,34.549999237060554,33.889999389648445,33.959999084472656,31.3537540435791,55900.0
2017-12-28,34.049999237060554,34.15999984741211,33.889999389648445,34.009998321533196,31.399917602539066,34500.0
2017-12-29,34.060001373291016,34.060001373291016,33.650001525878906,33.68000030517578,31.09524345397949,96200.0
2018-01-02,33.86999893188477,34.15999984741211,33.59999847412109,34.0,31.390687942504886,129100.0
2018-01-03,33.950000762939446,34.0,33.490001678466804,33.75,31.159873962402344,66100.0
2018-01-04,33.939998626708984,34.34999847412109,33.880001068115234,33.900001525878906,31.298362731933594,111500.0
2018-01-05,34.18000030517578,34.34999847412109,33.959999084472656,34.34999847412109,31.713823318481445,75400.0
2018-01-08,34.380001068115234,34.650001525878906,34.150001525878906,34.240001678466804,31.61227035522461,118400.0
2018-01-09,34.389999389648445,34.799999237060554,34.299999237060554,34.790000915527344,32.120059967041016,183700.0
2018-01-10,34.779998779296875,35.68000030517578,34.630001068115234,35.049999237060554,32.360107421875,157400.0
2018-01-11,35.20000076293945,35.810001373291016,35.09999847412109,35.61999893188477,32.886363983154304,126100.0
2018-01-12,35.810001373291016,36.11999893188477,35.68000030517578,35.77000045776367,33.02484893798828,109100.0
2018-01-16,35.939998626708984,36.13000106811523,35.040000915527344,35.110000610351555,32.415496826171875,123400.0
2018-01-17,35.2599983215332,35.58000183105469,34.84999847412109,35.529998779296875,32.803268432617195,162400.0
2018-01-18,35.540000915527344,35.650001525878906,35.06999969482422,35.09999847412109,32.406261444091804,76700.0
2018-01-19,35.220001220703125,35.56999969482422,35.220001220703125,35.529998779296875,32.803268432617195,80300.0
2018-01-22,35.52000045776367,35.52000045776367,35.130001068115234,35.33000183105469,32.618614196777344,60500.0
2018-01-23,35.2400016784668,35.529998779296875,34.950000762939446,35.130001068115234,32.433971405029304,102800.0
2018-01-24,35.2400016784668,35.2400016784668,34.889999389648445,34.959999084472656,32.277008056640625,74000.0
2018-01-25,35.150001525878906,35.150001525878906,34.540000915527344,34.669998168945305,32.009262084960945,63300.0
2018-01-26,34.740001678466804,34.900001525878906,34.5,34.700000762939446,32.03696823120117,81000.0
2018-01-29,34.470001220703125,35.0,34.470001220703125,34.59999847412109,31.944643020629886,51100.0
2018-01-30,34.59999847412109,34.81999969482422,34.34000015258789,34.43000030517578,31.787681579589844,112100.0
2018-01-31,34.560001373291016,34.61999893188477,34.299999237060554,34.330001831054695,31.69536209106445,134400.0
2018-02-01,34.25,34.75,34.009998321533196,34.740001678466804,32.07389450073242,200500.0
2018-02-02,34.740001678466804,35.189998626708984,34.610000610351555,34.860000610351555,32.184680938720696,268400.0
2018-02-05,34.509998321533196,34.779998779296875,33.490001678466804,33.509998321533196,30.938289642333984,199400.0
2018-02-06,33.310001373291016,34.59000015258789,33.310001373291016,34.09999847412109,31.48300552368164,314000.0
2018-02-07,34.110000610351555,34.84999847412109,33.90999984741211,34.669998168945305,32.009262084960945,160700.0
2018-02-08,34.700000762939446,34.700000762939446,33.860000610351555,33.86999893188477,31.27065658569336,162300.0
2018-02-09,34.279998779296875,34.34000015258789,33.610000610351555,34.130001068115234,31.51070976257324,210900.0
2018-02-12,34.25,34.580001831054695,33.75,34.029998779296875,31.41838073730469,200400.0
2018-02-13,33.880001068115234,34.279998779296875,33.77000045776367,34.080001831054695,31.46454429626465,92900.0
2018-02-14,33.900001525878906,34.5,33.549999237060554,34.439998626708984,31.79690933227539,184200.0
2018-02-15,34.580001831054695,34.830001831054695,34.380001068115234,34.549999237060554,31.898475646972656,123800.0
2018-02-16,34.450000762939446,35.25,34.40999984741211,34.939998626708984,32.258544921875,856700.0
2018-02-20,34.90999984741211,35.150001525878906,34.40999984741211,34.56999969482422,31.916940689086914,228100.0
2018-02-21,34.509998321533196,34.990001678466804,34.450000762939446,34.540000915527344,32.14963912963867,169300.0
2018-02-22,34.689998626708984,34.790000915527344,34.169998168945305,34.220001220703125,31.85178184509277,183900.0
2018-02-23,34.389999389648445,34.709999084472656,34.240001678466804,34.59000015258789,32.19617080688477,104400.0
2018-02-26,34.689998626708984,34.709999084472656,34.240001678466804,34.5,32.11240768432617,88600.0
2018-02-27,34.40999984741211,34.90999984741211,34.0,34.009998321533196,31.65631866455078,146700.0
2018-02-28,34.209999084472656,34.31999969482422,33.27000045776367,33.400001525878906,31.08853912353516,248900.0
2018-03-01,33.470001220703125,33.93000030517578,33.029998779296875,33.81999969482422,31.47946548461914,150600.0
2018-03-02,33.630001068115234,34.259998321533196,33.15999984741211,34.18000030517578,31.81455421447754,138100.0
2018-03-05,34.029998779296875,34.880001068115234,33.630001068115234,34.720001220703125,32.31718063354492,187200.0
2018-03-06,34.86999893188477,35.4900016784668,34.490001678466804,35.380001068115234,32.931507110595696,236600.0
2018-03-07,35.18000030517578,35.970001220703125,35.18000030517578,35.810001373291016,33.331748962402344,498000.0
2018-03-08,35.97999954223633,36.11000061035156,34.86999893188477,35.15999984741211,32.726730346679695,167200.0
2018-03-09,35.43000030517578,35.84000015258789,35.09000015258789,35.779998779296875,33.303829193115234,196200.0
2018-03-12,35.88999938964844,36.02999877929688,35.459999084472656,35.939998626708984,33.452747344970696,162200.0
2018-03-13,35.790000915527344,36.0099983215332,34.029998779296875,35.720001220703125,33.24797821044922,113900.0
2018-03-14,35.939998626708984,35.97999954223633,35.22999954223633,35.29999923706055,32.857044219970696,96400.0
2018-03-15,35.43000030517578,35.61999893188477,35.139999389648445,35.459999084472656,33.005966186523445,113300.0
2018-03-16,35.459999084472656,35.900001525878906,35.2400016784668,35.84000015258789,33.35967254638672,737900.0
2018-03-19,35.81999969482422,36.040000915527344,35.470001220703125,35.9900016784668,33.49928665161133,148000.0
2018-03-20,36.08000183105469,36.08000183105469,35.66999816894531,35.7599983215332,33.28520965576172,88900.0
2018-03-21,35.83000183105469,35.95000076293945,35.52000045776367,35.79999923706055,33.322437286376946,96000.0
2018-03-22,35.5099983215332,35.7599983215332,34.880001068115234,34.93000030517578,32.512649536132805,122200.0
2018-03-23,35.06999969482422,35.06999969482422,33.650001525878906,33.709999084472656,31.3770751953125,215500.0
2018-03-26,34.139999389648445,34.90999984741211,34.110000610351555,34.860000610351555,32.447498321533196,134700.0
2018-03-27,34.90999984741211,35.049999237060554,34.150001525878906,34.34999847412109,31.97278594970703,123500.0
2018-03-28,34.389999389648445,35.0,34.11999893188477,34.689998626708984,32.289257049560554,111600.0
2018-03-29,34.90999984741211,35.09999847412109,34.459999084472656,34.740001678466804,32.335803985595696,183500.0
2018-04-02,34.709999084472656,34.939998626708984,33.72999954223633,34.049999237060554,31.693544387817386,154800.0
2018-04-03,34.209999084472656,34.65999984741211,34.139999389648445,34.610000610351555,32.21479034423828,118000.0
2018-04-04,34.18000030517578,35.049999237060554,34.169998168945305,34.919998168945305,32.503341674804695,108500.0
2018-04-05,35.029998779296875,35.049999237060554,34.52000045776367,35.029998779296875,32.605728149414055,110000.0
2018-04-06,34.779998779296875,34.93000030517578,33.950000762939446,34.259998321533196,31.88901710510254,348500.0
2018-04-09,34.389999389648445,34.990001678466804,34.25,34.290000915527344,31.916940689086914,114700.0
2018-04-10,34.639999389648445,34.950000762939446,34.36999893188477,34.759998321533196,32.35441207885742,78400.0
2018-04-11,34.630001068115234,34.720001220703125,34.31999969482422,34.529998779296875,32.14032745361328,95400.0
2018-04-12,34.709999084472656,35.349998474121094,34.529998779296875,35.11999893188477,32.689502716064446,83400.0
2018-04-13,35.36000061035156,35.36000061035156,34.86999893188477,34.97999954223633,32.559188842773445,183000.0
2018-04-16,35.139999389648445,35.169998168945305,34.75,35.040000915527344,32.615036010742195,71400.0
2018-04-17,35.29999923706055,35.310001373291016,34.580001831054695,34.75,32.345108032226555,148600.0
2018-04-18,34.759998321533196,34.860000610351555,34.61999893188477,34.61999893188477,32.224105834960945,111600.0
2018-04-19,34.59000015258789,35.220001220703125,34.59000015258789,34.970001220703125,32.549880981445305,141600.0
2018-04-20,34.919998168945305,35.4900016784668,34.759998321533196,35.110000610351555,32.680191040039055,85200.0
2018-04-23,35.25,35.689998626708984,35.11999893188477,35.47999954223633,33.02458953857422,103500.0
2018-04-24,35.599998474121094,36.09000015258789,35.540000915527344,35.810001373291016,33.331748962402344,108200.0
2018-04-25,35.81999969482422,35.93000030517578,35.4900016784668,35.689998626708984,33.220054626464844,104500.0
2018-04-26,35.70000076293945,35.70000076293945,35.29999923706055,35.29999923706055,32.857044219970696,115600.0
2018-04-27,35.470001220703125,35.900001525878906,35.31999969482422,35.40999984741211,32.95943069458008,88300.0
2018-04-30,35.4900016784668,35.4900016784668,34.830001831054695,34.830001831054695,32.419567108154304,96400.0
2018-05-01,34.0,34.860000610351555,33.34999847412109,33.540000915527344,31.218847274780273,246500.0
2018-05-02,33.31999969482422,33.509998321533196,33.009998321533196,33.06999969482422,30.7813720703125,159000.0
2018-05-03,33.0,33.09999847412109,32.150001525878906,32.470001220703125,30.22289276123047,339400.0
2018-05-04,32.009998321533196,33.009998321533196,31.729999542236328,32.68000030517578,30.41836166381836,286800.0
2018-05-07,32.86999893188477,33.47999954223633,32.61999893188477,33.080001831054695,30.790681838989254,121100.0
2018-05-08,33.240001678466804,33.709999084472656,32.830001831054695,33.689998626708984,31.358461380004886,129800.0
2018-05-09,33.84999847412109,33.919998168945305,33.34999847412109,33.639999389648445,31.31192779541016,80000.0
2018-05-10,33.610000610351555,33.81999969482422,33.279998779296875,33.59999847412109,31.274688720703125,189900.0
2018-05-11,33.709999084472656,33.889999389648445,33.540000915527344,33.630001068115234,31.30261993408203,70400.0
2018-05-14,33.61999893188477,33.790000915527344,33.259998321533196,33.299999237060554,30.995450973510746,71300.0
2018-05-15,33.299999237060554,33.759998321533196,33.299999237060554,33.580001831054695,31.25607872009277,104700.0
2018-05-16,33.549999237060554,33.93000030517578,33.389999389648445,33.810001373291016,31.47016143798828,112700.0
2018-05-17,33.84000015258789,34.139999389648445,33.669998168945305,33.900001525878906,31.55393409729004,89300.0
2018-05-18,34.060001373291016,34.060001373291016,33.790000915527344,33.860000610351555,31.51669692993164,130700.0
2018-05-21,33.919998168945305,34.450000762939446,33.90999984741211,34.31999969482422,31.944862365722656,88800.0
2018-05-22,34.419998168945305,34.77000045776367,34.419998168945305,34.490001678466804,32.103099822998054,82400.0
2018-05-23,34.189998626708984,34.380001068115234,33.900001525878906,34.18000030517578,32.09370803833008,130200.0
2018-05-24,34.130001068115234,34.509998321533196,33.650001525878906,34.130001068115234,32.04676055908203,76300.0
2018-05-25,33.97999954223633,34.200000762939446,33.84999847412109,34.040000915527344,31.962257385253906,87200.0
2018-05-29,33.810001373291016,34.040000915527344,33.34999847412109,33.72999954223633,31.671173095703125,141900.0
2018-05-30,33.959999084472656,34.389999389648445,33.919998168945305,34.290000915527344,32.19699478149414,130500.0
2018-05-31,34.31999969482422,34.47999954223633,34.029998779296875,34.150001525878906,32.065540313720696,138600.0
2018-06-01,34.389999389648445,34.689998626708984,34.389999389648445,34.560001373291016,32.45051956176758,128100.0
2018-06-04,34.709999084472656,34.900001525878906,34.52000045776367,34.880001068115234,32.75098419189453,116100.0
2018-06-05,34.889999389648445,35.02000045776367,34.669998168945305,35.02000045776367,32.882434844970696,171800.0
2018-06-06,35.09000015258789,35.29999923706055,34.889999389648445,35.22999954223633,33.079620361328125,363500.0
2018-06-07,35.34000015258789,35.63999938964844,34.830001831054695,35.36999893188477,33.211074829101555,315100.0
2018-06-08,35.36999893188477,35.529998779296875,35.130001068115234,35.29999923706055,33.14534378051758,201900.0
2018-06-11,35.349998474121094,35.40999984741211,34.759998321533196,34.889999389648445,32.760372161865234,132000.0
2018-06-12,34.90999984741211,35.0,34.540000915527344,34.72999954223633,32.61014175415039,96800.0
2018-06-13,34.740001678466804,34.93000030517578,34.31999969482422,34.47999954223633,32.375396728515625,297800.0
2018-06-14,34.639999389648445,34.97999954223633,34.060001373291016,34.450000762939446,32.34723281860352,173400.0
2018-06-15,34.470001220703125,34.790000915527344,34.209999084472656,34.689998626708984,32.57257461547852,272200.0
2018-06-18,34.439998626708984,34.81999969482422,34.299999237060554,34.5,32.394176483154304,136000.0
2018-06-19,34.36999893188477,34.93000030517578,34.34000015258789,34.720001220703125,32.60074615478516,170200.0
2018-06-20,34.889999389648445,35.0,34.61999893188477,34.810001373291016,32.685253143310554,184600.0
2018-06-21,34.84999847412109,34.90999984741211,34.459999084472656,34.630001068115234,32.516246795654304,176600.0
2018-06-22,34.810001373291016,35.0,34.380001068115234,34.720001220703125,32.60074615478516,800300.0
2018-06-25,34.560001373291016,34.65999984741211,34.080001831054695,34.400001525878906,32.30028533935547,145400.0
2018-06-26,34.56999969482422,34.56999969482422,34.009998321533196,34.25,32.159435272216804,101100.0
2018-06-27,34.259998321533196,34.259998321533196,33.68000030517578,33.700000762939446,31.643007278442386,163200.0
2018-06-28,33.72999954223633,33.959999084472656,33.52000045776367,33.59999847412109,31.549108505249023,118100.0
2018-06-29,33.810001373291016,34.029998779296875,33.630001068115234,33.68000030517578,31.624229431152344,134400.0
2018-07-02,33.549999237060554,34.049999237060554,33.549999237060554,34.049999237060554,31.97163963317871,108600.0
2018-07-03,34.09000015258789,34.299999237060554,33.919998168945305,33.950000762939446,31.877742767333984,51800.0
2018-07-05,34.0,34.220001220703125,33.880001068115234,34.220001220703125,32.13126373291016,130300.0
2018-07-06,34.09999847412109,34.549999237060554,34.0,34.360000610351555,32.26272201538086,93400.0
2018-07-09,34.52000045776367,35.09999847412109,34.52000045776367,35.09999847412109,32.95755386352539,127900.0
2018-07-10,35.209999084472656,35.33000183105469,34.450000762939446,34.630001068115234,32.516246795654304,76700.0
2018-07-11,34.5,34.779998779296875,34.310001373291016,34.400001525878906,32.30028533935547,75900.0
2018-07-12,34.389999389648445,34.389999389648445,33.65999984741211,33.86999893188477,31.80263328552246,91600.0
2018-07-13,33.759998321533196,34.110000610351555,33.639999389648445,33.72999954223633,31.671173095703125,84700.0
2018-07-16,33.86999893188477,34.259998321533196,33.81999969482422,34.22999954223633,32.140655517578125,74700.0
2018-07-17,34.220001220703125,34.40999984741211,33.90999984741211,33.990001678466804,31.91531181335449,58200.0
2018-07-18,33.889999389648445,34.330001831054695,33.880001068115234,34.299999237060554,32.206382751464844,68100.0
2018-07-19,34.310001373291016,34.860000610351555,34.220001220703125,34.860000610351555,32.73220443725586,103600.0
2018-07-20,34.75,35.36999893188477,34.52000045776367,35.09000015258789,32.948165893554695,122900.0
2018-07-23,34.970001220703125,35.7400016784668,34.970001220703125,35.65999984741211,33.483367919921875,155900.0
2018-07-24,35.66999816894531,35.66999816894531,35.2400016784668,35.41999816894531,33.25801467895508,76100.0
2018-07-25,35.40999984741211,35.4900016784668,35.029998779296875,35.349998474121094,33.19229507446289,83100.0
2018-07-26,35.310001373291016,35.86000061035156,35.310001373291016,35.599998474121094,33.42703628540039,131000.0
2018-07-27,35.77000045776367,35.90999984741211,34.490001678466804,35.02000045776367,32.882434844970696,125000.0
2018-07-30,34.830001831054695,35.56999969482422,34.459999084472656,34.5,32.394176483154304,146600.0
2018-07-31,34.509998321533196,34.56999969482422,34.09999847412109,34.290000915527344,32.19699478149414,152000.0
2018-08-01,34.31999969482422,34.860000610351555,34.31999969482422,34.84999847412109,32.72281646728516,89500.0
2018-08-02,34.639999389648445,35.169998168945305,34.470001220703125,35.15999984741211,33.01388931274414,70200.0
2018-08-03,34.639999389648445,35.400001525878906,34.560001373291016,34.740001678466804,32.61952972412109,60400.0
2018-08-06,34.639999389648445,34.90999984741211,34.59999847412109,34.880001068115234,32.75098419189453,43800.0
2018-08-07,34.990001678466804,35.209999084472656,34.779998779296875,35.049999237060554,32.910606384277344,63500.0
2018-08-08,35.0,35.380001068115234,34.86999893188477,35.349998474121094,33.19229507446289,41900.0
2018-08-09,35.34000015258789,35.5099983215332,35.11999893188477,35.25,33.098400115966804,57900.0
2018-08-10,34.880001068115234,35.209999084472656,34.799999237060554,34.950000762939446,32.81671142578125,93000.0
2018-08-13,34.959999084472656,35.27000045776367,34.880001068115234,35.029998779296875,32.89182662963867,59900.0
2018-08-14,35.130001068115234,35.900001525878906,35.130001068115234,35.849998474121094,33.66177749633789,101200.0
2018-08-15,35.65999984741211,35.790000915527344,35.15999984741211,35.169998168945305,33.02328109741211,70100.0
2018-08-16,35.29999923706055,35.68000030517578,35.29999923706055,35.54999923706055,33.38008499145508,83100.0
2018-08-17,35.439998626708984,35.68000030517578,35.439998626708984,35.630001068115234,33.45520401000977,70400.0
2018-08-20,35.63999938964844,35.970001220703125,35.439998626708984,35.90999984741211,33.71811294555664,97800.0
2018-08-21,35.93000030517578,36.68000030517578,35.900001525878906,36.45000076293945,34.22515106201172,155000.0
2018-08-22,36.13000106811523,36.290000915527344,35.77000045776367,36.22000122070313,34.291427612304695,94100.0
2018-08-23,36.15999984741211,36.25,35.650001525878906,35.970001220703125,34.054744720458984,62600.0
2018-08-24,36.099998474121094,36.099998474121094,35.709999084472656,35.86999893188477,33.960060119628906,50300.0
2018-08-27,35.959999084472656,36.06999969482422,35.27000045776367,35.36000061035156,33.477218627929695,123200.0
2018-08-28,35.439998626708984,35.61000061035156,35.09000015258789,35.25,33.37307357788086,38800.0
2018-08-29,35.310001373291016,35.40999984741211,34.959999084472656,35.349998474121094,33.46775054931641,50600.0
2018-08-30,35.290000915527344,35.70000076293945,35.139999389648445,35.31999969482422,33.439346313476555,94800.0
2018-08-31,35.27000045776367,35.650001525878906,35.11999893188477,35.599998474121094,33.70443725585937,58100.0
2018-09-04,35.61000061035156,35.939998626708984,35.34000015258789,35.86000061035156,33.950592041015625,90400.0
2018-09-05,35.880001068115234,36.09000015258789,35.79999923706055,36.0,34.083141326904304,74900.0
2018-09-06,36.0099983215332,36.33000183105469,35.93000030517578,36.18000030517578,34.253551483154304,79300.0
2018-09-07,36.18000030517578,36.43999862670898,35.95000076293945,36.36999893188477,34.43343734741211,125800.0
2018-09-10,36.45000076293945,37.31999969482422,36.45000076293945,37.04999923706055,35.077232360839844,156100.0
2018-09-11,36.959999084472656,37.290000915527344,36.650001525878906,37.08000183105469,35.105636596679695,137000.0
2018-09-12,37.09000015258789,37.15999984741211,36.15999984741211,36.560001373291016,34.61332321166992,164700.0
2018-09-13,36.709999084472656,36.86999893188477,35.97999954223633,36.13000106811523,34.206222534179695,115000.0
2018-09-14,36.11999893188477,36.59000015258789,35.849998474121094,36.41999816894531,34.48077392578125,148200.0
2018-09-17,36.40999984741211,36.59000015258789,35.720001220703125,36.0,34.083141326904304,127400.0
2018-09-18,36.0099983215332,36.22000122070313,35.900001525878906,36.11000061035156,34.18728256225586,94300.0
2018-09-19,36.18999862670898,36.599998474121094,36.18999862670898,36.47000122070313,34.528114318847656,145200.0
2018-09-20,36.560001373291016,37.15999984741211,36.52999877929688,37.08000183105469,35.105636596679695,177500.0
2018-09-21,37.0099983215332,37.209999084472656,36.709999084472656,36.7400016784668,34.78373336791992,931900.0
2018-09-24,36.72999954223633,36.7400016784668,35.65999984741211,35.7599983215332,33.855918884277344,123000.0
2018-09-25,35.93000030517578,36.13000106811523,35.70000076293945,35.70000076293945,33.799110412597656,63300.0
2018-09-26,35.75,35.75,34.919998168945305,35.049999237060554,33.18372344970703,153700.0
2018-09-27,35.06999969482422,35.38999938964844,34.759998321533196,34.950000762939446,33.08905029296875,102100.0
2018-09-28,34.90999984741211,35.130001068115234,34.740001678466804,34.799999237060554,32.947032928466804,153900.0
2018-10-01,34.889999389648445,35.18000030517578,34.0,34.200000762939446,32.37898635864258,170100.0
2018-10-02,34.209999084472656,34.389999389648445,33.700000762939446,33.77000045776367,31.971879959106445,163100.0
2018-10-03,33.900001525878906,34.540000915527344,33.72999954223633,34.40999984741211,32.57780075073242,224300.0
2018-10-04,34.419998168945305,34.810001373291016,33.939998626708984,34.139999389648445,32.322174072265625,177900.0
2018-10-05,34.169998168945305,34.380001068115234,33.470001220703125,34.02000045776367,32.208568572998054,399400.0
2018-10-08,34.009998321533196,34.90999984741211,33.90999984741211,34.86999893188477,33.0133056640625,164500.0
2018-10-09,34.740001678466804,35.209999084472656,34.59999847412109,35.20000076293945,33.32573699951172,177600.0
2018-10-10,35.130001068115234,35.63999938964844,34.580001831054695,34.630001068115234,32.78609085083008,232600.0
2018-10-11,34.540000915527344,34.650001525878906,33.310001373291016,33.36999893188477,31.59317779541016,164800.0
2018-10-12,33.84000015258789,33.84000015258789,31.809999465942386,32.490001678466804,30.76003456115723,177100.0
2018-10-15,32.439998626708984,33.290000915527344,32.439998626708984,32.93000030517578,31.17660522460937,94200.0
2018-10-16,33.080001831054695,33.34000015258789,32.470001220703125,33.299999237060554,31.52690124511719,87700.0
2018-10-17,33.110000610351555,33.529998779296875,32.709999084472656,33.419998168945305,31.640514373779297,78200.0
2018-10-18,33.310001373291016,33.450000762939446,32.59000015258789,32.639999389648445,30.90204620361328,69300.0
2018-10-19,32.59000015258789,32.880001068115234,32.209999084472656,32.34000015258789,30.618019104003906,61600.0
2018-10-22,32.40999984741211,32.40999984741211,31.399999618530273,31.59000015258789,29.90795516967773,86800.0
2018-10-23,31.290000915527344,31.649999618530273,31.07999992370605,31.239999771118164,29.576589584350586,122700.0
2018-10-24,31.29999923706055,31.29999923706055,29.93000030517578,30.0,28.40261650085449,98100.0
2018-10-25,30.209999084472656,31.04999923706055,30.1299991607666,30.78000068664551,29.141082763671875,105700.0
2018-10-26,30.38999938964844,32.580001831054695,29.28000068664551,30.8799991607666,29.235759735107425,179200.0
2018-10-29,30.78000068664551,32.490001678466804,30.239999771118164,30.559999465942386,28.932796478271484,191000.0
2018-10-30,30.45000076293945,31.420000076293945,30.3799991607666,31.3799991607666,29.70913505554199,177000.0
2018-10-31,31.38999938964844,32.15999984741211,31.26000022888184,31.68000030517578,29.9931640625,198400.0
2018-11-01,31.690000534057614,32.150001525878906,31.459999084472656,31.95000076293945,30.24878692626953,136300.0
2018-11-02,32.139999389648445,32.860000610351555,32.009998321533196,32.72999954223633,30.98725509643555,156300.0
2018-11-05,32.59000015258789,33.060001373291016,32.11999893188477,32.919998168945305,31.167133331298828,178400.0
2018-11-06,32.759998321533196,33.18000030517578,32.529998779296875,33.029998779296875,31.271282196044922,112200.0
2018-11-07,33.049999237060554,33.22999954223633,32.490001678466804,33.09000015258789,31.32808494567871,88300.0
2018-11-08,32.970001220703125,33.470001220703125,32.970001220703125,33.43000030517578,31.649982452392575,91100.0
2018-11-09,33.34999847412109,33.56999969482422,32.830001831054695,33.06999969482422,31.30915069580078,102400.0
2018-11-12,33.049999237060554,33.189998626708984,32.720001220703125,32.799999237060554,31.053525924682614,85900.0
2018-11-13,32.84000015258789,33.59999847412109,32.65999984741211,33.029998779296875,31.271282196044922,107600.0
2018-11-14,33.25,33.310001373291016,32.22999954223633,32.56999969482422,30.835773468017575,105900.0
2018-11-15,32.400001525878906,33.380001068115234,31.88999938964844,33.25,31.47956848144531,111900.0
2018-11-16,33.040000915527344,33.509998321533196,33.040000915527344,33.360000610351555,31.583709716796875,182300.0
2018-11-19,33.360000610351555,33.939998626708984,33.299999237060554,33.560001373291016,31.77305793762207,131600.0
2018-11-20,33.27000045776367,33.27000045776367,32.189998626708984,32.220001220703125,30.79807472229004,198400.0
2018-11-21,32.299999237060554,32.959999084472656,31.20000076293945,32.150001525878906,30.731163024902344,515600.0
2018-11-23,32.060001373291016,32.84000015258789,32.060001373291016,32.580001831054695,31.142187118530273,44800.0
2018-11-26,32.830001831054695,33.380001068115234,32.61999893188477,33.240001678466804,31.77305793762207,128800.0
2018-11-27,33.150001525878906,33.40999984741211,32.970001220703125,33.31999969482422,31.849529266357425,111800.0
2018-11-28,33.330001831054695,33.900001525878906,32.880001068115234,33.86999893188477,32.375255584716804,154900.0
2018-11-29,33.639999389648445,33.90999984741211,33.380001068115234,33.549999237060554,32.06937789916992,128000.0
2018-11-30,33.470001220703125,34.189998626708984,33.470001220703125,34.130001068115234,32.623783111572266,203300.0
2018-12-03,34.240001678466804,34.310001373291016,33.610000610351555,34.139999389648445,32.633338928222656,130400.0
2018-12-04,34.0,34.0,30.95000076293945,31.040000915527344,29.670150756835934,338900.0
2018-12-06,30.8799991607666,31.85000038146973,30.649999618530273,31.649999618530273,30.25322914123535,261600.0
2018-12-07,31.65999984741211,32.580001831054695,31.65999984741211,32.09999847412109,30.68336677551269,128500.0
2018-12-10,32.06999969482422,32.09999847412109,31.29999923706055,31.959999084472656,30.549545288085934,125500.0
2018-12-11,32.25,32.439998626708984,31.68000030517578,31.90999984741211,30.50175476074219,128700.0
2018-12-12,32.220001220703125,32.900001525878906,31.959999084472656,32.560001373291016,31.12307167053223,149100.0
2018-12-13,32.84000015258789,32.84000015258789,31.959999084472656,32.240001678466804,30.81719207763672,163000.0
2018-12-14,31.96999931335449,32.380001068115234,31.57999992370605,31.75,30.34881401062012,101800.0
2018-12-17,31.68000030517578,32.400001525878906,31.68000030517578,32.169998168945305,30.75027847290039,218100.0
2018-12-18,32.189998626708984,32.650001525878906,31.440000534057614,31.540000915527344,30.14808464050293,235300.0
2018-12-19,31.54999923706055,31.78000068664551,30.11000061035156,30.34000015258789,29.001039505004886,215600.0
2018-12-20,30.149999618530273,31.309999465942386,30.149999618530273,31.01000022888184,29.641475677490234,175300.0
2018-12-21,31.1200008392334,31.45000076293945,30.70000076293945,30.79999923706055,29.44073867797852,427200.0
2018-12-24,30.670000076293945,30.85000038146973,29.709999084472656,30.1299991607666,28.800308227539066,92000.0
2018-12-26,30.209999084472656,31.38999938964844,30.059999465942386,31.34000015258789,29.95690727233887,248200.0
2018-12-27,30.95000076293945,31.26000022888184,30.21999931335449,31.25,29.87088203430176,132500.0
2018-12-28,31.229999542236328,32.009998321533196,31.209999084472656,31.729999542236328,30.32969665527344,120100.0
2018-12-31,31.78000068664551,31.78000068664551,31.26000022888184,31.75,30.34881401062012,142300.0
2019-01-02,31.36000061035156,32.299999237060554,31.36000061035156,32.110000610351555,30.692928314208984,153300.0
2019-01-03,31.770000457763672,32.56999969482422,31.770000457763672,32.080001831054695,30.66425323486328,138900.0
2019-01-04,32.36999893188477,33.209999084472656,32.36999893188477,33.130001068115234,31.66791534423828,191700.0
2019-01-07,32.970001220703125,33.400001525878906,32.720001220703125,33.34000015258789,31.86864471435547,118000.0
2019-01-08,33.529998779296875,33.84000015258789,33.150001525878906,33.77000045776367,32.27967071533203,68300.0
2019-01-09,33.889999389648445,34.029998779296875,33.459999084472656,33.990001678466804,32.48996353149414,68000.0
2019-01-10,33.790000915527344,34.060001373291016,33.59999847412109,34.02000045776367,32.518638610839844,94800.0
2019-01-11,33.810001373291016,34.040000915527344,33.740001678466804,34.0,32.49951934814453,140400.0
2019-01-14,33.790000915527344,34.47999954223633,33.790000915527344,33.959999084472656,32.461280822753906,131800.0
2019-01-15,33.959999084472656,34.490001678466804,33.65999984741211,34.47999954223633,32.95833206176758,141400.0
2019-01-16,34.529998779296875,35.310001373291016,34.5,35.22999954223633,33.675235748291016,167700.0
2019-01-17,35.09000015258789,35.25,34.209999084472656,35.040000915527344,33.49361801147461,195400.0
2019-01-18,35.049999237060554,35.47999954223633,34.759998321533196,35.139999389648445,33.589210510253906,111700.0
2019-01-22,34.959999084472656,35.209999084472656,34.529998779296875,34.72999954223633,33.19730758666992,161200.0
2019-01-23,34.81999969482422,34.970001220703125,34.209999084472656,34.549999237060554,33.02524185180664,65400.0
2019-01-24,34.43000030517578,34.59999847412109,34.150001525878906,34.360000610351555,32.84363174438477,81100.0
2019-01-25,34.470001220703125,34.540000915527344,34.220001220703125,34.259998321533196,32.74804306030273,85100.0
2019-01-28,34.130001068115234,34.389999389648445,33.919998168945305,34.299999237060554,32.78628158569336,105700.0
2019-01-29,34.290000915527344,34.529998779296875,34.189998626708984,34.40999984741211,32.89142608642578,121800.0
2019-01-30,34.52000045776367,34.56999969482422,34.189998626708984,34.330001831054695,32.814952850341804,122900.0
2019-01-31,34.209999084472656,34.279998779296875,32.860000610351555,32.990001678466804,31.53409194946289,304200.0
2019-02-01,32.06999969482422,32.959999084472656,32.02000045776367,32.47999954223633,31.046600341796875,293300.0
2019-02-04,32.189998626708984,32.459999084472656,32.150001525878906,32.419998168945305,30.989246368408203,191800.0
2019-02-05,32.31999969482422,32.77000045776367,32.290000915527344,32.759998321533196,31.31424331665039,150400.0
2019-02-06,32.68000030517578,32.959999084472656,32.560001373291016,32.90999984741211,31.457624435424805,109300.0
2019-02-07,32.970001220703125,33.5,32.959999084472656,33.290000915527344,31.82085609436035,107000.0
2019-02-08,33.169998168945305,33.47999954223633,32.86999893188477,33.02000045776367,31.56277084350586,69900.0
2019-02-11,33.15999984741211,33.400001525878906,32.799999237060554,33.389999389648445,31.91643714904785,58200.0
2019-02-12,33.400001525878906,34.02000045776367,33.400001525878906,33.939998626708984,32.442161560058594,96100.0
2019-02-13,33.950000762939446,34.09000015258789,33.84000015258789,33.900001525878906,32.40393447875977,77500.0
2019-02-14,33.759998321533196,34.040000915527344,33.40999984741211,33.880001068115234,32.384815216064446,126000.0
2019-02-15,34.029998779296875,34.790000915527344,34.029998779296875,34.459999084472656,32.93921661376953,131700.0
2019-02-19,34.43000030517578,35.0,34.31999969482422,34.900001525878906,33.359806060791016,99900.0
2019-02-20,34.72999954223633,35.130001068115234,34.580001831054695,35.09000015258789,33.83223342895508,137300.0
2019-02-21,35.049999237060554,35.049999237060554,34.56999969482422,34.740001678466804,33.49478530883789,48400.0
2019-02-22,34.740001678466804,34.990001678466804,34.549999237060554,34.919998168945305,33.668331146240234,81900.0
2019-02-25,34.990001678466804,34.990001678466804,34.56999969482422,34.720001220703125,33.47549819946289,108900.0
2019-02-26,34.61999893188477,34.84999847412109,34.34000015258789,34.630001068115234,33.38872528076172,119700.0
2019-02-27,34.59000015258789,34.990001678466804,34.540000915527344,34.97999954223633,33.726181030273445,71500.0
2019-02-28,34.970001220703125,34.990001678466804,34.630001068115234,34.720001220703125,33.47549819946289,77200.0
2019-03-01,34.860000610351555,35.0,34.630001068115234,35.0,33.74546432495117,99300.0
2019-03-04,34.900001525878906,35.09000015258789,34.580001831054695,34.65999984741211,33.417652130126946,101600.0
2019-03-05,34.709999084472656,34.959999084472656,34.330001831054695,34.93000030517578,33.67797088623047,83800.0
2019-03-06,34.880001068115234,35.060001373291016,33.950000762939446,34.11999893188477,32.897003173828125,111000.0
2019-03-07,34.110000610351555,34.540000915527344,33.450000762939446,33.549999237060554,32.347434997558594,105000.0
2019-03-08,33.40999984741211,34.02000045776367,33.360000610351555,33.860000610351555,32.646324157714844,79300.0
2019-03-11,33.970001220703125,34.889999389648445,33.970001220703125,34.650001525878906,33.408008575439446,155000.0
2019-03-12,34.650001525878906,34.669998168945305,33.990001678466804,34.200000762939446,32.97414016723633,152200.0
2019-03-13,34.34000015258789,34.549999237060554,34.209999084472656,34.27000045776367,33.04162979125977,91700.0
2019-03-14,34.27000045776367,34.380001068115234,33.900001525878906,34.31999969482422,33.08983612060547,104900.0
2019-03-15,34.259998321533196,34.790000915527344,34.209999084472656,34.22999954223633,33.003063201904304,884300.0
2019-03-18,34.389999389648445,34.810001373291016,34.34999847412109,34.689998626708984,33.44657516479492,180000.0
2019-03-19,34.779998779296875,34.779998779296875,34.0,34.009998321533196,32.79094696044922,162900.0
2019-03-20,34.02000045776367,34.139999389648445,32.889999389648445,32.900001525878906,31.72073554992676,162900.0
2019-03-21,32.72999954223633,33.580001831054695,32.59999847412109,32.959999084472656,31.77858161926269,184500.0
2019-03-22,32.740001678466804,32.779998779296875,31.290000915527344,31.75,30.611957550048828,263900.0
2019-03-25,31.75,32.22999954223633,31.51000022888184,32.15999984741211,31.00726127624512,139800.0
2019-03-26,32.330001831054695,33.150001525878906,32.330001831054695,33.110000610351555,31.923206329345703,92800.0
2019-03-27,32.990001678466804,33.080001831054695,32.610000610351555,32.880001068115234,31.701452255249023,145500.0
2019-03-28,32.880001068115234,33.299999237060554,32.830001831054695,33.279998779296875,32.08711624145508,110200.0
2019-03-29,33.490001678466804,33.59999847412109,33.029998779296875,33.22999954223633,32.03890609741211,89400.0
2019-04-01,33.40999984741211,33.970001220703125,33.40999984741211,33.93000030517578,32.71381378173828,108400.0
2019-04-02,33.77000045776367,33.959999084472656,33.31999969482422,33.75,32.540267944335945,141600.0
2019-04-03,33.97999954223633,34.200000762939446,33.5,33.580001831054695,32.37636566162109,110500.0
2019-04-04,33.68000030517578,34.040000915527344,33.68000030517578,33.990001678466804,32.77166748046875,114100.0
2019-04-05,34.0,34.25,33.860000610351555,34.18000030517578,32.954856872558594,134900.0
2019-04-08,34.25,34.25,33.959999084472656,34.09000015258789,32.86808013916016,51300.0
2019-04-09,33.959999084472656,34.169998168945305,33.47999954223633,33.490001678466804,32.289588928222656,96400.0
2019-04-10,33.5,34.009998321533196,33.450000762939446,33.990001678466804,32.77166748046875,118600.0
2019-04-11,34.0,34.240001678466804,33.889999389648445,33.97999954223633,32.76202392578125,62900.0
2019-04-12,34.25,34.490001678466804,33.919998168945305,34.310001373291016,33.080196380615234,85200.0
2019-04-15,34.34999847412109,34.43000030517578,34.009998321533196,34.049999237060554,32.829513549804695,54800.0
2019-04-16,34.150001525878906,34.59999847412109,33.970001220703125,34.40999984741211,33.17660903930664,105600.0
2019-04-17,34.529998779296875,34.529998779296875,34.150001525878906,34.279998779296875,33.05126571655273,107200.0
2019-04-18,34.09000015258789,34.34999847412109,33.75,33.860000610351555,32.646324157714844,61300.0
2019-04-22,33.830001831054695,33.84999847412109,33.209999084472656,33.34999847412109,32.15460586547852,95400.0
2019-04-23,33.290000915527344,34.490001678466804,33.290000915527344,34.439998626708984,33.20553207397461,90500.0
2019-04-24,34.240001678466804,34.65999984741211,34.029998779296875,34.47999954223633,33.24410629272461,58700.0
2019-04-25,34.400001525878906,34.47999954223633,33.810001373291016,34.360000610351555,33.128402709960945,67100.0
2019-04-26,34.009998321533196,34.860000610351555,33.450000762939446,34.830001831054695,33.58156204223633,84500.0
2019-04-29,35.0,35.79999923706055,34.02000045776367,35.58000183105469,34.304676055908196,130700.0
2019-04-30,35.27000045776367,35.689998626708984,35.0,35.130001068115234,33.870803833007805,128800.0
2019-05-01,35.06999969482422,35.40999984741211,34.61999893188477,34.799999237060554,33.55263137817383,215500.0
2019-05-02,34.799999237060554,35.310001373291016,34.720001220703125,34.950000762939446,33.69725799560547,73900.0
2019-05-03,34.959999084472656,35.79999923706055,34.959999084472656,35.77000045776367,34.487865447998054,80700.0
2019-05-06,35.310001373291016,35.970001220703125,35.310001373291016,35.86000061035156,34.57463836669922,79100.0
2019-05-07,35.349998474121094,35.61999893188477,35.09999847412109,35.41999816894531,34.15040969848633,102700.0
2019-05-08,35.400001525878906,35.630001068115234,35.220001220703125,35.290000915527344,34.025070190429695,95900.0
2019-05-09,35.080001831054695,35.29999923706055,34.650001525878906,35.11999893188477,33.861160278320305,62600.0
2019-05-10,35.060001373291016,35.63999938964844,34.759998321533196,35.33000183105469,34.06363677978516,93800.0
2019-05-13,34.81999969482422,34.81999969482422,33.900001525878906,34.080001831054695,32.85844039916992,102500.0
2019-05-14,34.130001068115234,34.86999893188477,34.06999969482422,34.630001068115234,33.38872528076172,56300.0
2019-05-15,34.240001678466804,34.689998626708984,33.860000610351555,34.669998168945305,33.42728805541992,100100.0
2019-05-16,34.84000015258789,35.2599983215332,34.84000015258789,35.150001525878906,33.890087127685554,114200.0
2019-05-17,34.880001068115234,35.25,34.52000045776367,34.61999893188477,33.379085540771484,132100.0
2019-05-20,34.459999084472656,35.20000076293945,34.459999084472656,34.950000762939446,33.69725799560547,132300.0
2019-05-21,34.950000762939446,35.20000076293945,34.830001831054695,34.889999389648445,33.639408111572266,67600.0
2019-05-22,34.5,34.56999969482422,34.060001373291016,34.130001068115234,33.201648712158196,42400.0
2019-05-23,33.75,33.81999969482422,33.299999237060554,33.529998779296875,32.61796188354492,118700.0
2019-05-24,33.799999237060554,34.110000610351555,33.759998321533196,34.009998321533196,33.08490753173828,43100.0
2019-05-28,33.86999893188477,33.900001525878906,33.5,33.509998321533196,32.5985107421875,94600.0
2019-05-29,33.400001525878906,33.75,33.259998321533196,33.639999389648445,32.7249755859375,114600.0
2019-05-30,33.720001220703125,33.84000015258789,33.0,33.189998626708984,32.28721237182617,110000.0
2019-05-31,32.900001525878906,33.18000030517578,32.529998779296875,32.56999969482422,31.68407821655273,136300.0
2019-06-03,32.610000610351555,33.009998321533196,32.439998626708984,32.72999954223633,31.83972549438477,107600.0
2019-06-04,33.009998321533196,33.77000045776367,33.009998321533196,33.759998321533196,32.84170913696289,80200.0
2019-06-05,33.669998168945305,34.130001068115234,33.130001068115234,33.490001678466804,32.579055786132805,63900.0
2019-06-06,33.65999984741211,33.65999984741211,32.720001220703125,33.09000015258789,32.18993759155273,56800.0
2019-06-07,33.15999984741211,33.330001831054695,32.950000762939446,33.259998321533196,32.355308532714844,59800.0
2019-06-10,33.380001068115234,33.830001831054695,33.27000045776367,33.439998626708984,32.53041839599609,52600.0
2019-06-11,33.669998168945305,33.720001220703125,33.09999847412109,33.450000762939446,32.54014205932617,111100.0
2019-06-12,33.27000045776367,33.75,33.06999969482422,33.110000610351555,32.20938873291016,92400.0
2019-06-13,33.18000030517578,33.330001831054695,32.81999969482422,32.970001220703125,32.07320022583008,78200.0
2019-06-14,32.889999389648445,33.049999237060554,32.630001068115234,32.81999969482422,31.92727851867676,68800.0
2019-06-17,32.889999389648445,33.09999847412109,32.529998779296875,32.59000015258789,31.70353698730469,65900.0
2019-06-18,32.65999984741211,33.31999969482422,32.540000915527344,33.009998321533196,32.112110137939446,70200.0
2019-06-19,33.110000610351555,33.549999237060554,32.86999893188477,33.040000915527344,32.14129638671875,69000.0
2019-06-20,33.02000045776367,33.02000045776367,32.509998321533196,32.650001525878906,31.761905670166016,75900.0
2019-06-21,32.509998321533196,32.810001373291016,31.78000068664551,32.200000762939446,31.324146270751953,300900.0
2019-06-24,32.27000045776367,32.5,31.76000022888184,31.78000068664551,30.915569305419922,83800.0
2019-06-25,31.79999923706055,31.79999923706055,31.29999923706055,31.51000022888184,30.652912139892575,144000.0
2019-06-26,31.61000061035156,31.809999465942386,31.3799991607666,31.440000534057614,30.584815979003906,60300.0
2019-06-27,31.38999938964844,32.11999893188477,31.38999938964844,32.11999893188477,31.246318817138672,84600.0
2019-06-28,32.299999237060554,32.709999084472656,32.169998168945305,32.380001068115234,31.499250411987305,219000.0
2019-07-01,32.669998168945305,32.669998168945305,31.989999771118164,32.209999084472656,31.33386993408203,86800.0
2019-07-02,32.110000610351555,32.209999084472656,31.82999992370605,32.11999893188477,31.246318817138672,86800.0
2019-07-03,32.18000030517578,32.360000610351555,32.139999389648445,32.200000762939446,31.324146270751953,35700.0
2019-07-05,32.290000915527344,32.75,32.290000915527344,32.740001678466804,31.849454879760746,45000.0
2019-07-08,32.59000015258789,32.689998626708984,32.009998321533196,32.11999893188477,31.246318817138672,65300.0
2019-07-09,32.0,32.400001525878906,31.940000534057614,32.400001525878906,31.518707275390625,64300.0
2019-07-10,32.439998626708984,32.439998626708984,31.95000076293945,31.979999542236328,31.11012840270996,53400.0
2019-07-11,32.0,32.18000030517578,31.899999618530273,32.029998779296875,31.15876579284668,75300.0
2019-07-12,32.049999237060554,32.560001373291016,31.920000076293945,32.439998626708984,31.55761337280273,82000.0
2019-07-15,32.459999084472656,32.630001068115234,31.6200008392334,31.899999618530273,31.03230285644531,59900.0
2019-07-16,31.920000076293945,32.27000045776367,31.8799991607666,32.09999847412109,31.22686195373535,57500.0
2019-07-17,32.029998779296875,32.130001068115234,31.729999542236328,31.899999618530273,31.03230285644531,59300.0
2019-07-18,31.93000030517578,32.509998321533196,31.93000030517578,32.31999969482422,31.440879821777344,63500.0
2019-07-19,32.15999984741211,32.639999389648445,32.15999984741211,32.209999084472656,31.33386993408203,101200.0
2019-07-22,32.169998168945305,32.189998626708984,31.770000457763672,31.920000076293945,31.051759719848636,55100.0
2019-07-23,32.029998779296875,32.259998321533196,31.940000534057614,32.25,31.37278175354004,41200.0
2019-07-24,32.060001373291016,33.200000762939446,32.060001373291016,33.09999847412109,32.199657440185554,65300.0
2019-07-25,33.220001220703125,33.34999847412109,32.84000015258789,32.86999893188477,31.97591590881348,74600.0
2019-07-26,33.02000045776367,34.0,33.02000045776367,33.610000610351555,32.695789337158196,188200.0
2019-07-29,33.68000030517578,34.09000015258789,33.669998168945305,33.86999893188477,32.948719024658196,117400.0
2019-07-30,33.790000915527344,34.5,33.77000045776367,34.470001220703125,33.53240203857422,160100.0
2019-07-31,34.439998626708984,34.97999954223633,34.220001220703125,34.61999893188477,33.678321838378906,206400.0
2019-08-01,34.700000762939446,34.959999084472656,33.279998779296875,33.36999893188477,32.46232223510742,114500.0
2019-08-02,33.310001373291016,33.779998779296875,33.200000762939446,33.68000030517578,32.763885498046875,130700.0
2019-08-05,33.139999389648445,33.15999984741211,32.25,32.900001525878906,32.00510406494141,169500.0
2019-08-06,33.029998779296875,33.240001678466804,32.61999893188477,33.200000762939446,32.29694366455078,95600.0
2019-08-07,32.740001678466804,33.130001068115234,32.380001068115234,33.009998321533196,32.112110137939446,120200.0
2019-08-08,33.400001525878906,33.84999847412109,33.15999984741211,33.790000915527344,32.870895385742195,158000.0
2019-08-09,33.799999237060554,33.919998168945305,33.389999389648445,33.610000610351555,32.695789337158196,81400.0
2019-08-12,33.43000030517578,33.61999893188477,33.310001373291016,33.450000762939446,32.54014205932617,78500.0
2019-08-13,33.439998626708984,34.060001373291016,33.36999893188477,33.59999847412109,32.686058044433594,46600.0
2019-08-14,32.939998626708984,33.200000762939446,32.290000915527344,32.52000045776367,31.635440826416016,124800.0
2019-08-15,32.56999969482422,32.790000915527344,32.060001373291016,32.310001373291016,31.431154251098636,77800.0
2019-08-16,32.61999893188477,33.36999893188477,32.34000015258789,33.34999847412109,32.44286346435547,102300.0
2019-08-19,33.86999893188477,34.060001373291016,33.639999389648445,33.700000762939446,32.78334426879883,92600.0
2019-08-20,33.610000610351555,33.72999954223633,33.31999969482422,33.5,32.58878326416016,88800.0
2019-08-21,33.490001678466804,33.490001678466804,33.110000610351555,33.22999954223633,32.62805557250977,52500.0
2019-08-22,33.34000015258789,33.34000015258789,32.950000762939446,33.080001831054695,32.48077774047852,49800.0
2019-08-23,32.950000762939446,33.200000762939446,32.09999847412109,32.220001220703125,31.63635444641113,127900.0
2019-08-26,32.56999969482422,32.68000030517578,32.09000015258789,32.669998168945305,32.078201293945305,74000.0
2019-08-27,32.86999893188477,32.97999954223633,31.76000022888184,32.09000015258789,31.50871086120605,158000.0
2019-08-28,32.029998779296875,32.759998321533196,32.02000045776367,32.560001373291016,31.970195770263672,54200.0
2019-08-29,32.860000610351555,33.110000610351555,32.759998321533196,33.02000045776367,32.421863555908196,71100.0
2019-08-30,33.240001678466804,33.59999847412109,32.790000915527344,32.93000030517578,32.33349227905273,59500.0
2019-09-03,32.81999969482422,32.81999969482422,31.989999771118164,32.169998168945305,31.587257385253906,72100.0
2019-09-04,32.490001678466804,32.529998779296875,31.90999984741211,32.400001525878906,31.81309700012207,140200.0
2019-09-05,33.029998779296875,33.700000762939446,32.59000015258789,32.950000762939446,32.35313034057617,132200.0
2019-09-06,33.299999237060554,33.299999237060554,32.59999847412109,32.81999969482422,32.22548675537109,86900.0
2019-09-09,33.009998321533196,33.740001678466804,32.81999969482422,33.65999984741211,33.05027008056641,103900.0
2019-09-10,33.650001525878906,33.75,33.259998321533196,33.72999954223633,33.119003295898445,132200.0
2019-09-11,33.75,34.549999237060554,33.259998321533196,34.529998779296875,33.904510498046875,174800.0
2019-09-12,34.290000915527344,34.77000045776367,34.220001220703125,34.669998168945305,34.04197311401367,102800.0
2019-09-13,34.880001068115234,35.20000076293945,34.810001373291016,34.990001678466804,34.35618209838867,144600.0
2019-09-16,34.650001525878906,35.279998779296875,34.610000610351555,35.06999969482422,34.43473052978516,67400.0
2019-09-17,34.880001068115234,34.880001068115234,34.310001373291016,34.72999954223633,34.100887298583984,67100.0
2019-09-18,34.700000762939446,35.0,34.529998779296875,34.84000015258789,34.20889663696289,63200.0
2019-09-19,34.759998321533196,35.18000030517578,34.56999969482422,34.59000015258789,33.963424682617195,62200.0
2019-09-20,34.610000610351555,34.939998626708984,34.389999389648445,34.509998321533196,33.88486862182617,334000.0
2019-09-23,34.31999969482422,34.639999389648445,34.11999893188477,34.470001220703125,33.84560012817383,35400.0
2019-09-24,34.540000915527344,34.540000915527344,33.880001068115234,33.97999954223633,33.364471435546875,96300.0
2019-09-25,34.11999893188477,34.77000045776367,34.080001831054695,34.68000030517578,34.05179214477539,75400.0
2019-09-26,34.900001525878906,34.990001678466804,34.09000015258789,34.110000610351555,33.49211883544922,88100.0
2019-09-27,34.310001373291016,34.52000045776367,34.220001220703125,34.36999893188477,33.74740600585937,86600.0
2019-09-30,34.40999984741211,34.40999984741211,34.060001373291016,34.110000610351555,33.49211883544922,72500.0
2019-10-01,34.299999237060554,34.529998779296875,33.47999954223633,33.61999893188477,33.01099395751953,73600.0
2019-10-02,33.290000915527344,33.630001068115234,33.189998626708984,33.610000610351555,33.001174926757805,82600.0
2019-10-03,33.43000030517578,33.59999847412109,33.080001831054695,33.5,32.89316940307617,78300.0
2019-10-04,33.490001678466804,33.959999084472656,33.389999389648445,33.939998626708984,33.3251953125,62300.0
2019-10-07,33.81999969482422,34.11999893188477,33.65999984741211,33.970001220703125,33.35465240478516,123900.0
2019-10-08,33.68000030517578,33.830001831054695,33.240001678466804,33.36999893188477,32.76552200317383,103600.0
2019-10-09,33.790000915527344,33.790000915527344,33.330001831054695,33.40999984741211,32.804798126220696,79800.0
2019-10-10,33.580001831054695,33.84000015258789,33.419998168945305,33.459999084472656,32.85388946533203,57400.0
2019-10-11,33.900001525878906,34.389999389648445,33.720001220703125,33.799999237060554,33.187732696533196,69100.0
2019-10-14,33.720001220703125,34.240001678466804,33.630001068115234,34.169998168945305,33.551029205322266,94100.0
2019-10-15,34.169998168945305,34.84999847412109,34.029998779296875,34.419998168945305,33.79650115966797,106100.0
2019-10-16,34.27000045776367,34.75,34.240001678466804,34.490001678466804,33.865234375,86500.0
2019-10-17,34.610000610351555,34.75,34.360000610351555,34.61999893188477,33.992881774902344,77100.0
2019-10-18,34.400001525878906,34.86999893188477,34.400001525878906,34.779998779296875,34.149978637695305,62000.0
2019-10-21,35.0,35.43000030517578,34.919998168945305,35.34000015258789,34.69983673095703,62200.0
2019-10-22,35.27000045776367,35.59000015258789,34.97999954223633,35.18000030517578,34.542736053466804,110700.0
2019-10-23,35.20000076293945,35.2599983215332,34.970001220703125,35.18000030517578,34.542736053466804,29200.0
2019-10-24,35.130001068115234,35.130001068115234,34.68000030517578,34.75,34.12052536010742,54300.0
2019-10-25,34.610000610351555,34.68000030517578,33.790000915527344,34.56999969482422,33.943782806396484,152800.0
2019-10-28,34.560001373291016,35.209999084472656,34.389999389648445,35.09000015258789,34.45436477661133,125100.0
2019-10-29,34.950000762939446,35.47999954223633,34.950000762939446,35.439998626708984,34.79802703857422,112000.0
2019-10-30,35.25,35.2599983215332,34.810001373291016,35.11999893188477,34.483821868896484,67300.0
2019-10-31,34.86999893188477,34.86999893188477,34.209999084472656,34.450000762939446,33.825958251953125,62400.0
2019-11-01,34.59000015258789,35.139999389648445,34.59000015258789,35.09000015258789,34.45436477661133,64700.0
2019-11-04,35.209999084472656,35.38999938964844,35.0,35.27000045776367,34.631107330322266,95900.0
2019-11-05,35.5,35.63999938964844,35.130001068115234,35.22999954223633,34.591827392578125,132500.0
2019-11-06,35.11999893188477,35.130001068115234,34.669998168945305,34.84000015258789,34.20889663696289,73200.0
2019-11-07,35.15999984741211,35.31999969482422,34.86999893188477,35.11999893188477,34.483821868896484,88800.0
2019-11-08,34.919998168945305,35.310001373291016,34.919998168945305,35.139999389648445,34.50345993041992,44000.0
2019-11-11,35.060001373291016,35.5,35.060001373291016,35.470001220703125,34.82748413085937,49900.0
2019-11-12,35.540000915527344,35.630001068115234,35.29999923706055,35.459999084472656,34.81766128540039,55700.0
2019-11-13,35.209999084472656,35.529998779296875,35.209999084472656,35.459999084472656,34.81766128540039,70300.0
2019-11-14,35.45000076293945,35.58000183105469,35.2400016784668,35.4900016784668,34.847122192382805,74500.0
2019-11-15,35.68000030517578,35.7599983215332,35.29999923706055,35.45000076293945,34.80784225463867,119900.0
2019-11-18,35.33000183105469,35.36000061035156,34.86999893188477,35.0,34.365997314453125,47800.0
2019-11-19,35.22999954223633,35.470001220703125,35.049999237060554,35.380001068115234,34.739112854003906,41700.0
2019-11-20,35.11999893188477,35.63999938964844,34.860000610351555,35.09000015258789,34.45436477661133,93100.0
2019-11-21,35.279998779296875,35.279998779296875,34.709999084472656,34.830001831054695,34.19907760620117,64700.0
2019-11-22,34.950000762939446,35.0,34.68000030517578,34.740001678466804,34.110706329345696,35000.0
2019-11-25,34.799999237060554,35.599998474121094,34.700000762939446,35.459999084472656,34.81766128540039,93200.0
2019-11-26,35.169998168945305,35.279998779296875,34.939998626708984,35.02000045776367,34.71852493286133,44500.0
2019-11-27,35.150001525878906,35.25,34.990001678466804,35.18000030517578,34.877147674560554,53400.0
2019-11-29,34.97999954223633,35.220001220703125,34.84000015258789,35.110000610351555,34.807750701904304,35800.0
2019-12-02,35.25,35.349998474121094,34.689998626708984,35.040000915527344,34.738353729248054,116500.0
2019-12-03,34.56999969482422,34.72999954223633,34.36999893188477,34.700000762939446,34.40127944946289,65900.0
2019-12-04,34.919998168945305,35.34000015258789,34.919998168945305,35.169998168945305,34.86722946166992,80900.0
2019-12-05,35.2599983215332,35.560001373291016,35.2599983215332,35.43000030517578,35.12499237060547,85400.0
2019-12-06,35.97999954223633,36.13000106811523,35.75,35.83000183105469,35.52155303955078,88100.0
2019-12-09,35.63999938964844,35.86999893188477,35.599998474121094,35.66999816894531,35.3629264831543,88200.0
2019-12-10,35.72999954223633,35.91999816894531,35.529998779296875,35.83000183105469,35.52155303955078,57800.0
2019-12-11,35.970001220703125,35.970001220703125,35.650001525878906,35.88999938964844,35.581031799316406,51000.0
2019-12-12,35.9900016784668,36.79999923706055,35.810001373291016,36.59000015258789,36.27500915527344,125100.0
2019-12-13,36.5,36.849998474121094,36.2400016784668,36.36999893188477,36.05690002441406,66300.0
2019-12-16,36.63000106811523,37.11999893188477,36.58000183105469,36.84000015258789,36.52285385131836,91300.0
2019-12-17,36.90999984741211,37.43000030517578,36.790000915527344,37.40999984741211,37.08794784545898,113600.0
2019-12-18,37.38000106811523,37.81999969482422,37.290000915527344,37.72999954223633,37.40519332885742,80500.0
2019-12-19,37.68000030517578,37.72999954223633,37.34000015258789,37.65999984741211,37.33579635620117,138600.0
2019-12-20,37.86000061035156,37.88999938964844,37.4900016784668,37.66999816894531,37.34570693969727,367200.0
2019-12-23,37.63000106811523,37.63000106811523,37.08000183105469,37.15999984741211,36.8400993347168,77800.0
2019-12-24,37.15999984741211,37.34000015258789,36.86000061035156,37.22000122070313,36.89958572387695,40800.0
2019-12-26,37.47000122070313,37.47000122070313,37.15999984741211,37.31999969482422,36.998722076416016,30300.0
2019-12-27,37.36999893188477,37.36999893188477,36.91999816894531,37.060001373291016,36.74096298217773,48600.0
2019-12-30,37.11999893188477,37.34000015258789,37.02000045776367,37.22000122070313,36.89958572387695,45500.0
2019-12-31,37.20000076293945,37.41999816894531,37.13000106811523,37.13999938964844,36.82027053833008,81900.0
2020-01-02,37.209999084472656,37.290000915527344,36.83000183105469,37.099998474121094,36.780616760253906,79200.0
2020-01-03,36.650001525878906,36.97999954223633,36.650001525878906,36.88999938964844,36.572425842285156,170200.0
2020-01-06,36.560001373291016,36.88999938964844,36.310001373291016,36.77000045776367,36.45345687866211,99500.0
2020-01-07,36.70000076293945,36.72999954223633,36.36999893188477,36.599998474121094,36.28491973876953,52700.0
2020-01-08,36.65999984741211,37.09000015258789,36.63000106811523,36.97999954223633,36.66165161132813,61800.0
2020-01-09,37.060001373291016,37.29999923706055,36.900001525878906,36.959999084472656,36.641822814941406,64900.0
2020-01-10,36.959999084472656,37.060001373291016,36.61999893188477,36.84000015258789,36.52285385131836,76200.0
2020-01-13,36.79999923706055,37.04999923706055,36.61000061035156,37.040000915527344,36.721134185791016,63900.0
2020-01-14,37.04999923706055,37.22999954223633,36.790000915527344,37.02999877929688,36.711219787597656,70900.0
2020-01-15,36.86999893188477,37.11999893188477,36.54999923706055,36.84000015258789,36.52285385131836,58000.0
2020-01-16,37.09000015258789,37.43000030517578,37.0,37.31999969482422,36.998722076416016,59700.0
2020-01-17,37.65999984741211,37.7400016784668,37.2400016784668,37.27999877929688,36.959068298339844,66700.0
2020-01-21,37.13000106811523,37.13000106811523,36.59000015258789,36.61000061035156,36.294837951660156,57900.0
2020-01-22,36.75,36.83000183105469,36.56999969482422,36.83000183105469,36.512943267822266,40100.0
2020-01-23,36.59000015258789,36.91999816894531,36.43999862670898,36.790000915527344,36.47328567504883,123900.0
2020-01-24,36.79999923706055,36.79999923706055,36.150001525878906,36.38000106811523,36.06681823730469,49300.0
2020-01-27,35.81999969482422,36.33000183105469,35.689998626708984,36.15999984741211,35.84870910644531,52700.0
2020-01-28,36.47000122070313,36.47999954223633,36.04999923706055,36.09000015258789,35.77931213378906,65800.0
2020-01-29,36.02999877929688,36.45000076293945,35.66999816894531,35.709999084472656,35.40258407592773,77400.0
2020-01-30,35.40999984741211,36.16999816894531,35.40999984741211,36.13000106811523,35.8189697265625,76500.0
2020-01-31,33.130001068115234,35.79999923706055,32.919998168945305,35.080001831054695,34.77800750732422,157700.0
2020-02-03,35.2599983215332,35.959999084472656,35.2599983215332,35.709999084472656,35.40258407592773,148500.0
2020-02-04,36.18000030517578,36.68000030517578,36.18000030517578,36.400001525878906,36.08664321899414,88100.0
2020-02-05,36.84000015258789,37.02000045776367,36.4900016784668,36.900001525878906,36.58234024047852,134700.0
2020-02-06,37.13000106811523,37.18999862670898,36.7599983215332,36.88999938964844,36.572425842285156,71300.0
2020-02-07,36.7599983215332,36.79999923706055,36.36999893188477,36.59000015258789,36.27500915527344,62700.0
2020-02-10,36.45000076293945,36.79999923706055,36.36000061035156,36.61000061035156,36.294837951660156,78000.0
2020-02-11,36.68999862670898,37.099998474121094,36.47999954223633,36.5099983215332,36.19569396972656,105800.0
2020-02-12,36.790000915527344,36.790000915527344,36.45000076293945,36.5099983215332,36.19569396972656,77200.0
2020-02-13,36.34000015258789,36.86999893188477,36.34000015258789,36.599998474121094,36.28491973876953,98800.0
2020-02-14,36.54999923706055,36.709999084472656,36.15999984741211,36.209999084472656,35.898277282714844,68500.0
2020-02-18,36.11000061035156,36.29999923706055,35.7400016784668,36.0099983215332,35.70000076293945,133600.0
2020-02-19,35.86000061035156,35.91999816894531,35.65999984741211,35.810001373291016,35.810001373291016,79700.0
2020-02-20,35.75,36.150001525878906,35.65999984741211,35.7599983215332,35.7599983215332,105800.0
2020-02-21,35.720001220703125,35.720001220703125,35.220001220703125,35.29999923706055,35.29999923706055,99400.0
2020-02-24,34.610000610351555,35.09999847412109,34.5,35.0,35.0,186200.0
2020-02-25,35.20000076293945,35.209999084472656,34.09000015258789,34.34000015258789,34.34000015258789,111900.0
2020-02-26,34.529998779296875,34.709999084472656,34.060001373291016,34.240001678466804,34.240001678466804,131800.0
2020-02-27,34.18000030517578,34.470001220703125,33.470001220703125,33.529998779296875,33.529998779296875,252900.0
2020-02-28,32.900001525878906,33.360000610351555,31.6200008392334,32.220001220703125,32.220001220703125,260700.0
2020-03-02,32.279998779296875,33.610000610351555,32.11999893188477,33.560001373291016,33.560001373291016,190100.0
2020-03-03,33.59999847412109,33.61999893188477,32.529998779296875,32.81999969482422,32.81999969482422,158600.0
2020-03-04,33.299999237060554,33.889999389648445,32.639999389648445,33.779998779296875,33.779998779296875,155600.0
2020-03-05,33.189998626708984,33.47999954223633,32.389999389648445,32.720001220703125,32.720001220703125,216100.0
2020-03-06,31.5,32.509998321533196,31.25,32.11999893188477,32.11999893188477,164500.0
2020-03-09,30.18000030517578,30.75,28.88999938964844,28.989999771118164,28.989999771118164,192700.0
2020-03-10,30.0,30.29999923706055,28.5,29.989999771118164,29.989999771118164,188200.0
2020-03-11,29.21999931335449,29.540000915527344,27.53000068664551,27.81999969482422,27.81999969482422,265700.0
2020-03-12,26.43000030517578,27.489999771118164,25.020000457763672,25.040000915527344,25.040000915527344,315800.0
2020-03-13,26.459999084472656,28.75,25.70000076293945,28.739999771118164,28.739999771118164,277200.0
2020-03-16,23.739999771118164,28.03000068664551,23.739999771118164,27.059999465942386,27.059999465942386,261100.0
2020-03-17,27.53000068664551,29.96999931335449,25.1200008392334,29.899999618530273,29.899999618530273,335000.0
2020-03-18,28.51000022888184,30.59000015258789,28.1200008392334,30.18000030517578,30.18000030517578,399200.0
2020-03-19,29.96999931335449,31.209999084472656,27.459999084472656,28.6299991607666,28.6299991607666,388500.0
2020-03-20,28.670000076293945,28.940000534057614,25.520000457763672,25.82999992370605,25.82999992370605,333700.0
2020-03-23,25.8700008392334,27.0,24.309999465942386,26.459999084472656,26.459999084472656,275600.0
2020-03-24,27.85000038146973,29.32999992370605,27.1299991607666,29.25,29.25,308300.0
2020-03-25,29.45000076293945,29.45000076293945,27.85000038146973,27.93000030517578,27.93000030517578,245400.0
2020-03-26,28.239999771118164,29.68000030517578,27.3700008392334,29.520000457763672,29.520000457763672,204100.0
2020-03-27,28.3799991607666,29.88999938964844,28.32999992370605,29.1299991607666,29.1299991607666,137800.0
2020-03-30,29.32999992370605,30.170000076293945,28.559999465942386,30.03000068664551,30.03000068664551,106700.0
2020-03-31,29.70000076293945,31.239999771118164,29.32999992370605,30.38999938964844,30.38999938964844,342000.0
2020-04-01,29.34000015258789,29.489999771118164,27.239999771118164,27.489999771118164,27.489999771118164,218300.0
