date,open,high,low,close,adj close,volume
2015-01-02,627.0,632.77001953125,625.6599731445312,632.0,627.3348999023438,6800
2015-01-05,625.5900268554688,627.6699829101562,618.0,618.0,613.4381713867188,13900
2015-01-06,619.8300170898438,628.1300048828125,619.8300170898438,622.9099731445312,618.3118896484375,44200
2015-01-07,629.0,634.969970703125,626.1599731445312,626.1599731445312,621.5379028320312,6300
2015-01-08,626.489990234375,636.2000122070312,626.489990234375,632.989990234375,628.3175659179688,6500
2015-01-09,627.5,636.469970703125,627.5,629.6300048828125,624.9823608398438,6900
2015-01-12,630.1400146484375,637.989990234375,630.1400146484375,633.0,628.3275146484375,5100
2015-01-13,640.0599975585938,645.8699951171875,632.2899780273438,645.47998046875,640.7154541015625,7800
2015-01-14,641.9400024414062,657.469970703125,641.9400024414062,644.0700073242188,639.3158569335938,5100
2015-01-15,637.0,643.3699951171875,637.0,643.3699951171875,638.6209106445312,4600
2015-01-16,640.0499877929688,646.0,640.0499877929688,641.8200073242188,637.0823974609375,5100
2015-01-20,646.4600219726562,646.4600219726562,640.0,642.0,637.2610473632812,6900
2015-01-21,640.0,642.5399780273438,640.0,642.0999755859375,637.3602294921875,6100
2015-01-22,640.0,658.75,640.0,658.75,653.8873901367188,7900
2015-01-23,647.8300170898438,647.8300170898438,640.0,640.0,635.2758178710938,4200
2015-01-26,640.010009765625,655.5,640.0,655.5,650.661376953125,7800
2015-01-27,651.0,654.4299926757812,649.989990234375,654.4299926757812,649.599365234375,2800
2015-01-28,650.0,650.0,641.0,641.0,636.2683715820312,3800
2015-01-29,644.989990234375,647.5,644.989990234375,645.0,640.2388916015625,8500
2015-01-30,645.0,656.25,636.5499877929688,644.5800170898438,639.8220825195312,5000
2015-02-02,644.97998046875,653.4500122070312,631.3800048828125,636.27001953125,631.5733642578125,7200
2015-02-03,636.3099975585938,644.1799926757812,632.0,644.1500244140625,639.3951416015625,7300
2015-02-04,647.0999755859375,650.6799926757812,640.239990234375,646.0,641.2314453125,4300
2015-02-05,643.47998046875,660.0,643.47998046875,660.0,655.128173828125,6800
2015-02-06,659.989990234375,670.0,650.22998046875,670.0,665.0543823242188,6500
2015-02-09,665.010009765625,668.760009765625,646.1199951171875,651.9500122070312,647.1375732421875,5000
2015-02-10,659.5,665.0,650.6400146484375,650.6400146484375,645.8372802734375,4000
2015-02-11,650.0,656.8300170898438,641.0,643.8400268554688,639.0875244140625,5300
2015-02-12,645.0,650.2100219726562,643.989990234375,648.469970703125,643.6832885742188,8300
2015-02-13,644.0,661.8800048828125,644.0,657.510009765625,652.6566162109375,9900
2015-02-17,655.6199951171875,681.510009765625,655.6199951171875,680.7899780273438,675.7647705078125,12800
2015-02-18,680.7000122070312,688.6599731445312,675.5,686.5,681.4324951171875,7700
2015-02-19,689.97998046875,689.97998046875,678.5,678.5,673.4916381835938,3600
2015-02-20,663.9199829101562,680.0499877929688,661.010009765625,679.3499755859375,674.3353271484375,4800
2015-02-23,688.7100219726562,692.989990234375,660.0,660.0,655.128173828125,8200
2015-02-24,667.25,667.75,657.0399780273438,667.75,662.8209838867188,5900
2015-02-25,658.260009765625,664.989990234375,656.1900024414062,664.8900146484375,659.982177734375,5800
2015-02-26,665.0,675.0,657.02001953125,675.0,670.0175170898438,4000
2015-02-27,670.0999755859375,675.3400268554688,663.5,667.1500244140625,662.2254638671875,6800
2015-03-02,671.2899780273438,671.489990234375,658.4400024414062,669.989990234375,665.0444946289062,10000
2015-03-03,664.0,668.9500122070312,664.0,668.0,663.0691528320312,4100
2015-03-04,667.97998046875,667.97998046875,665.0,665.5,660.5875854492188,4400
2015-03-05,667.0,669.5900268554688,665.0,665.5,660.5875854492188,3500
2015-03-06,671.0,671.0,665.0,666.0,661.0838623046875,6800
2015-03-09,665.3900146484375,669.989990234375,665.0,667.3800048828125,662.4537353515625,8400
2015-03-10,664.0,673.0,664.0,666.0,661.0838623046875,11200
2015-03-11,667.97998046875,672.3400268554688,654.739990234375,660.5700073242188,655.6940307617188,12200
2015-03-12,655.989990234375,670.22998046875,646.9500122070312,670.22998046875,666.291259765625,8900
2015-03-13,665.8900146484375,682.0599975585938,665.3800048828125,672.52001953125,668.5679321289062,7100
2015-03-16,677.9099731445312,684.9600219726562,662.0900268554688,684.9600219726562,680.934814453125,4700
2015-03-17,675.0,686.5900268554688,674.0,686.5900268554688,682.5552368164062,5100
2015-03-18,680.2000122070312,689.8499755859375,680.0,689.8499755859375,685.7959594726562,6000
2015-03-19,673.0800170898438,683.7899780273438,673.0800170898438,681.6099853515625,677.6044311523438,2900
2015-03-20,687.3499755859375,687.3499755859375,673.0,680.760009765625,676.7593994140625,10600
2015-03-23,677.5800170898438,691.8499755859375,677.5800170898438,682.1400146484375,678.13134765625,5600
2015-03-24,679.260009765625,691.0900268554688,670.2899780273438,687.0,682.9627075195312,12900
2015-03-25,684.0,696.47998046875,663.489990234375,681.0900268554688,677.0875244140625,3800
2015-03-26,682.6599731445312,692.2999877929688,674.6500244140625,684.0999755859375,680.079833984375,18300
2015-03-27,680.2999877929688,685.8699951171875,680.010009765625,684.0,679.98046875,4900
2015-03-30,684.0,684.0,675.27001953125,681.9000244140625,677.892822265625,7800
2015-03-31,676.4500122070312,686.2000122070312,673.1799926757812,684.52001953125,680.4974365234375,6700
2015-04-01,699.4299926757812,699.4299926757812,675.25,681.989990234375,677.982177734375,13400
2015-04-02,676.52001953125,683.3200073242188,674.3900146484375,678.3800048828125,674.3934326171875,19100
2015-04-06,677.280029296875,687.219970703125,676.97998046875,686.6500244140625,682.6148071289062,4200
2015-04-07,680.2100219726562,688.5700073242188,669.52001953125,680.0,676.0039672851562,7700
2015-04-08,683.6500244140625,704.5,680.0,690.75,686.6907348632812,20900
2015-04-09,694.8499755859375,694.8499755859375,681.1199951171875,687.0499877929688,683.012451171875,4400
2015-04-10,687.739990234375,687.739990234375,681.010009765625,681.010009765625,677.0079956054688,5800
2015-04-13,684.030029296875,684.030029296875,675.0,678.9600219726562,674.9700927734375,9700
2015-04-14,675.3499755859375,679.9400024414062,667.8900146484375,677.9099731445312,673.9262084960938,11700
2015-04-15,681.9400024414062,682.8800048828125,674.0,681.3900146484375,677.3857421875,11100
2015-04-16,681.1900024414062,683.9500122070312,680.0,683.9500122070312,679.9307861328125,1900
2015-04-17,675.5,679.8200073242188,670.5399780273438,671.1199951171875,667.1760864257812,3400
2015-04-20,674.97998046875,685.0,674.030029296875,677.8900146484375,673.9063110351562,3800
2015-04-21,674.1500244140625,674.25,672.2000122070312,674.1799926757812,670.2180786132812,2400
2015-04-22,672.5,679.3200073242188,667.97998046875,671.8699951171875,667.9216918945312,8400
2015-04-23,673.5,679.2000122070312,670.0,671.1099853515625,667.1661987304688,4600
2015-04-24,670.5,676.0399780273438,670.489990234375,675.260009765625,671.2918090820312,6600
2015-04-27,674.510009765625,674.510009765625,665.4299926757812,672.7100219726562,668.7568359375,4700
2015-04-28,673.0999755859375,674.0,670.0,672.0,668.0509643554688,5100
2015-04-29,667.25,672.5999755859375,666.2999877929688,669.6500244140625,665.71484375,4000
2015-04-30,666.0,675.969970703125,664.530029296875,675.969970703125,671.99755859375,8500
2015-05-01,677.8300170898438,678.5499877929688,663.969970703125,675.0,671.0333862304688,11800
2015-05-04,670.5499877929688,676.0,670.5499877929688,675.9500122070312,671.977783203125,4900
2015-05-05,674.989990234375,675.989990234375,668.6500244140625,674.4199829101562,670.4567260742188,11200
2015-05-06,666.3400268554688,667.5800170898438,666.0,666.2999877929688,662.3844604492188,4800
2015-05-07,663.0999755859375,666.0,648.9600219726562,656.8699951171875,653.0098266601562,18800
2015-05-08,658.5,661.4199829101562,654.6199951171875,658.0,654.1331176757812,11000
2015-05-11,656.9500122070312,656.9500122070312,652.5,653.4500122070312,649.6099853515625,5200
2015-05-12,649.97998046875,653.4500122070312,647.6300048828125,650.0,646.18017578125,9000
2015-05-13,653.0700073242188,655.0,645.0,649.0,645.1860961914062,4500
2015-05-14,647.8499755859375,659.8499755859375,645.0,659.8499755859375,655.9723510742188,7700
2015-05-15,656.0,659.989990234375,654.5499877929688,659.989990234375,656.111572265625,3700
2015-05-18,659.0,662.52001953125,649.1199951171875,657.0,653.1390380859375,4400
2015-05-19,656.9600219726562,661.8200073242188,647.0599975585938,652.0,648.1685180664062,9800
2015-05-20,647.0599975585938,652.5,647.0599975585938,650.0,646.18017578125,5800
2015-05-21,647.25,654.8200073242188,641.0,642.5700073242188,638.7938842773438,5600
2015-05-22,645.0,650.52001953125,645.0,650.2000122070312,646.3790893554688,5400
2015-05-26,647.0,647.0,641.1599731445312,642.0,638.2272338867188,4900
2015-05-27,645.010009765625,652.7100219726562,640.0499877929688,650.1400146484375,646.3193969726562,11000
2015-05-28,645.780029296875,659.4000244140625,645.780029296875,650.030029296875,646.2100830078125,4800
2015-05-29,651.989990234375,652.5,640.1099853515625,649.239990234375,645.4246826171875,9500
2015-06-01,652.5,658.1199951171875,646.5599975585938,652.3200073242188,648.486572265625,9300
2015-06-02,649.1199951171875,653.0399780273438,646.0900268554688,648.6400146484375,644.8282470703125,11900
2015-06-03,648.6199951171875,661.260009765625,641.0,642.1500244140625,638.3763427734375,10200
2015-06-04,641.47998046875,644.3400268554688,639.5999755859375,640.4299926757812,636.6663818359375,9500
2015-06-05,641.8599853515625,641.8599853515625,635.0700073242188,641.2000122070312,637.4319458007812,7900
2015-06-08,638.4299926757812,638.4299926757812,636.0,636.0599975585938,632.3222045898438,4400
2015-06-09,635.0,640.0,635.0,638.3099975585938,634.5588989257812,8300
2015-06-10,639.0999755859375,641.9500122070312,635.0,641.9500122070312,638.1775512695312,6900
2015-06-11,638.0499877929688,645.4000244140625,638.0499877929688,645.4000244140625,641.6072998046875,6200
2015-06-12,641.2899780273438,650.0,640.5399780273438,646.739990234375,642.9393310546875,9100
2015-06-15,646.1400146484375,658.0,643.0999755859375,654.1099853515625,650.2659912109375,10700
2015-06-16,655.3499755859375,663.489990234375,650.3499755859375,662.0,658.1096801757812,10200
2015-06-17,655.0499877929688,668.5,655.0499877929688,666.0,662.086181640625,6800
2015-06-18,665.0999755859375,673.9500122070312,665.0,673.3499755859375,669.3930053710938,9500
2015-06-19,675.9000244140625,680.8499755859375,661.9500122070312,665.5700073242188,661.6587524414062,21900
2015-06-22,678.0999755859375,678.1500244140625,665.6599731445312,671.3099975585938,667.3650512695312,5200
2015-06-23,667.010009765625,681.8400268554688,658.739990234375,679.6500244140625,675.656005859375,8300
2015-06-24,682.9500122070312,682.9500122070312,667.0399780273438,674.3900146484375,670.4268798828125,8300
2015-06-25,674.4500122070312,675.4099731445312,665.0,667.469970703125,663.5475463867188,8600
2015-06-26,680.219970703125,680.219970703125,657.1199951171875,669.97998046875,666.0427856445312,20400
2015-06-29,673.7999877929688,677.0,652.1599731445312,655.1699829101562,651.3198852539062,21800
2015-06-30,657.8400268554688,663.47998046875,646.3099975585938,654.9400024414062,651.0912475585938,20700
2015-07-01,668.3599853515625,678.7100219726562,645.0,671.7000122070312,667.7527465820312,31400
2015-07-02,673.4500122070312,684.0599975585938,665.780029296875,670.6500244140625,666.7089233398438,8200
2015-07-06,669.9400024414062,677.5499877929688,656.260009765625,676.22998046875,672.2560424804688,9700
2015-07-07,662.9600219726562,684.9500122070312,662.280029296875,683.8300170898438,679.8114624023438,12700
2015-07-08,682.0,683.0,670.0,680.0,676.0039672851562,13000
2015-07-09,680.27001953125,683.0,673.3400268554688,678.4000244140625,674.4133911132812,11300
2015-07-10,675.8800048828125,679.9500122070312,664.2100219726562,679.219970703125,675.228515625,6000
2015-07-13,680.3099975585938,681.47998046875,678.010009765625,680.7899780273438,676.789306640625,5500
2015-07-14,680.8400268554688,682.0900268554688,677.6799926757812,682.0900268554688,678.0816650390625,8500
2015-07-15,678.239990234375,685.0,677.4199829101562,683.8499755859375,679.831298828125,8200
2015-07-16,681.7000122070312,686.010009765625,675.0599975585938,683.5999755859375,679.582763671875,6000
2015-07-17,686.9299926757812,686.9299926757812,679.969970703125,680.5999755859375,676.6004028320312,7300
2015-07-20,682.3699951171875,685.8499755859375,672.6400146484375,677.02001953125,673.0414428710938,10100
2015-07-21,679.0,679.97998046875,671.3099975585938,675.8200073242188,671.8485107421875,8400
2015-07-22,675.0999755859375,680.0,669.9000244140625,672.9000244140625,668.9456787109375,12500
2015-07-23,673.2000122070312,676.0,670.77001953125,670.77001953125,666.8282470703125,6900
2015-07-24,671.0900268554688,677.0,671.0900268554688,675.27001953125,671.3017578125,6400
2015-07-27,675.989990234375,714.969970703125,675.989990234375,698.969970703125,694.8624267578125,53400
2015-07-28,708.9000244140625,712.4199829101562,696.0,699.0,694.8922729492188,19500
2015-07-29,700.8099975585938,709.0,688.9600219726562,700.4099731445312,696.2938842773438,26600
2015-07-30,706.239990234375,709.0,700.3599853515625,701.5,697.3776245117188,8500
2015-07-31,704.4299926757812,710.0,700.9199829101562,706.0,701.8511352539062,10700
2015-08-03,703.719970703125,715.2899780273438,703.719970703125,715.2899780273438,711.0864868164062,7600
2015-08-04,717.5700073242188,722.3800048828125,712.010009765625,719.989990234375,715.7589111328125,3100
2015-08-05,719.97998046875,727.0,714.010009765625,716.5499877929688,712.3391723632812,9600
2015-08-06,713.0,725.3599853515625,700.0,725.0,720.7394409179688,15900
2015-08-07,723.8699951171875,738.989990234375,715.2000122070312,732.0,727.6983032226562,27500
2015-08-10,742.0,748.7999877929688,717.47998046875,723.5,719.2482299804688,33700
2015-08-11,723.97998046875,735.8300170898438,715.0,730.0499877929688,725.7597045898438,18400
2015-08-12,729.9500122070312,738.780029296875,720.5999755859375,733.280029296875,728.9708251953125,14700
2015-08-13,739.0,749.6599731445312,733.0499877929688,739.0,734.6572265625,3100
2015-08-14,738.5999755859375,739.97998046875,726.0,730.1500244140625,725.8591918945312,5200
2015-08-17,725.469970703125,740.1300048828125,725.469970703125,735.9000244140625,731.575439453125,12500
2015-08-18,731.9299926757812,739.0,720.0999755859375,734.8599853515625,730.54150390625,27800
2015-08-19,732.2000122070312,740.3400268554688,725.0,738.7000122070312,734.3590698242188,89500
2015-08-20,731.52001953125,733.7999877929688,725.0,731.5499877929688,727.2509765625,18000
2015-08-21,728.02001953125,747.0,720.0,726.2100219726562,721.9423217773438,22300
2015-08-24,719.989990234375,719.989990234375,695.0,696.0,691.909912109375,26400
2015-08-25,704.2000122070312,722.3900146484375,702.9299926757812,708.5499877929688,704.3861694335938,20400
2015-08-26,714.0,715.0,694.5,699.0,694.8922729492188,29500
2015-08-27,700.5700073242188,707.1799926757812,688.8400268554688,706.9000244140625,702.7459106445312,42500
2015-08-28,708.0900268554688,726.1900024414062,702.3699951171875,722.6300048828125,718.3834838867188,16700
2015-08-31,724.0499877929688,730.0,708.9000244140625,719.3099975585938,715.0828857421875,23900
2015-09-01,713.0,726.6199951171875,711.9000244140625,717.2000122070312,712.9853515625,21400
2015-09-02,715.5800170898438,745.77001953125,715.5800170898438,742.0,737.6396484375,30600
2015-09-03,743.1199951171875,749.489990234375,734.8200073242188,749.25,744.8470458984375,11400
2015-09-04,741.1199951171875,748.4400024414062,741.1199951171875,744.0999755859375,739.7272338867188,9000
2015-09-08,748.969970703125,755.0999755859375,740.6199951171875,749.4500122070312,745.0458374023438,20300
2015-09-09,753.239990234375,759.1900024414062,749.5700073242188,753.9400024414062,749.5093994140625,10000
2015-09-10,758.2000122070312,778.1900024414062,753.0,771.969970703125,767.4334106445312,28500
2015-09-11,771.969970703125,771.969970703125,763.0,768.8099975585938,764.2919921875,43800
2015-09-14,766.8200073242188,768.25,760.3900146484375,765.719970703125,761.22021484375,12100
2015-09-15,766.02001953125,773.0,756.8800048828125,764.2000122070312,759.7091064453125,28200
2015-09-16,769.0999755859375,769.0999755859375,755.1099853515625,761.5,757.0250244140625,7200
2015-09-17,760.0,760.0,741.02001953125,750.0499877929688,745.6422119140625,12100
2015-09-18,745.5800170898438,759.5499877929688,744.4000244140625,759.260009765625,754.7982177734375,36100
2015-09-21,758.010009765625,770.780029296875,751.3900146484375,763.0,758.5161743164062,18800
2015-09-22,762.0999755859375,766.02001953125,758.5399780273438,760.0,755.5337524414062,24900
2015-09-23,761.7999877929688,761.7999877929688,755.0,759.97998046875,755.5139770507812,15500
2015-09-24,757.4299926757812,757.6099853515625,753.6300048828125,754.1699829101562,749.738037109375,24000
2015-09-25,748.4199829101562,765.0,748.4199829101562,758.0,753.5455932617188,19700
2015-09-28,756.72998046875,760.0,720.1799926757812,746.0,741.6160888671875,32900
2015-09-29,748.0,757.3400268554688,737.8200073242188,750.0,745.592529296875,22100
2015-09-30,752.7999877929688,752.7999877929688,740.010009765625,747.2999877929688,742.9085083007812,58600
2015-10-01,747.8300170898438,750.0,737.010009765625,742.2899780273438,737.9279174804688,29200
2015-10-02,738.6799926757812,745.0,733.469970703125,742.989990234375,738.6237182617188,23600
2015-10-05,742.3800048828125,756.1799926757812,742.3800048828125,749.7999877929688,745.3937377929688,30500
2015-10-06,749.010009765625,749.010009765625,734.4600219726562,743.5499877929688,739.1804809570312,33900
2015-10-07,742.5499877929688,756.9400024414062,742.5499877929688,753.1199951171875,748.6942749023438,27700
2015-10-08,752.1599731445312,760.469970703125,749.2000122070312,755.1699829101562,750.732177734375,22100
2015-10-09,755.0,760.0,747.6500244140625,760.0,755.5337524414062,30700
2015-10-12,759.02001953125,776.219970703125,753.9400024414062,768.0499877929688,763.5364379882812,27200
2015-10-13,766.7100219726562,771.0,766.1799926757812,767.4400024414062,762.9300537109375,18300
2015-10-14,763.7100219726562,769.989990234375,754.1099853515625,756.77001953125,752.3228759765625,17400
2015-10-15,757.0599975585938,766.0,756.010009765625,764.7100219726562,760.2161865234375,6600
2015-10-16,762.6799926757812,765.0,757.0,757.52001953125,753.068359375,13800
2015-10-19,755.0,767.3499755859375,743.1199951171875,764.0,759.51025390625,36000
2015-10-20,770.0,779.0,763.25,778.3499755859375,773.7760009765625,33400
2015-10-21,780.02001953125,802.4000244140625,772.8499755859375,796.22998046875,791.5508422851562,24800
2015-10-22,798.739990234375,806.3099975585938,782.780029296875,790.0,785.3574829101562,17800
2015-10-23,789.1099853515625,795.0,782.0,792.75,788.0913696289062,30400
2015-10-26,789.0900268554688,789.0900268554688,779.6799926757812,781.8699951171875,777.2752685546875,10400
2015-10-27,779.6900024414062,788.0,776.0,776.0,771.4397583007812,5600
2015-10-28,785.010009765625,789.3599853515625,777.77001953125,787.75,783.1207275390625,9000
2015-10-29,799.3400268554688,799.3400268554688,774.3800048828125,785.9400024414062,781.3214111328125,11000
2015-10-30,784.510009765625,799.989990234375,784.510009765625,790.0,785.3574829101562,8800
2015-11-02,788.97998046875,794.989990234375,766.7999877929688,790.0,785.3574829101562,24300
2015-11-03,789.0900268554688,789.0900268554688,760.0,760.25,755.7822875976562,17000
2015-11-04,762.7000122070312,762.7000122070312,739.5,752.989990234375,748.5650024414062,17500
2015-11-05,754.0,755.4400024414062,742.6400146484375,750.8499755859375,746.4375610351562,7500
2015-11-06,750.0999755859375,759.7000122070312,739.2999877929688,757.6500244140625,753.1976318359375,14100
2015-11-09,756.0,761.0,745.3599853515625,754.0999755859375,749.66845703125,21600
2015-11-10,755.2899780273438,769.989990234375,752.5,764.3900146484375,759.8980102539062,15800
2015-11-11,764.9000244140625,764.9000244140625,752.0,753.3499755859375,748.9227905273438,5700
2015-11-12,737.3599853515625,765.0,737.3599853515625,750.0499877929688,745.6422119140625,14600
2015-11-13,749.0900268554688,764.3499755859375,749.0900268554688,751.0,746.586669921875,19000
2015-11-16,753.02001953125,772.3099975585938,752.780029296875,772.3099975585938,767.771484375,35000
2015-11-17,767.2999877929688,782.0,759.3699951171875,764.6799926757812,760.186279296875,25200
2015-11-18,766.9099731445312,780.010009765625,755.0499877929688,774.97998046875,770.4257202148438,17300
2015-11-19,775.8900146484375,785.5999755859375,775.8900146484375,777.02001953125,772.4537353515625,11800
2015-11-20,777.9500122070312,787.4099731445312,772.219970703125,773.0999755859375,768.5568237304688,17500
2015-11-23,776.47998046875,789.0,776.47998046875,784.0,779.3927612304688,13000
2015-11-24,788.0,789.6099853515625,776.6799926757812,788.9000244140625,784.2639770507812,6300
2015-11-25,789.239990234375,791.97998046875,773.3800048828125,779.6400146484375,775.0584106445312,15000
2015-11-27,787.0,787.0,779.760009765625,779.760009765625,775.177734375,2200
2015-11-30,781.6400146484375,808.0,780.010009765625,808.0,803.251708984375,57700
2015-12-01,805.0,807.3900146484375,796.7999877929688,799.9099731445312,795.209228515625,16600
2015-12-02,795.1500244140625,806.25,794.6900024414062,799.1099853515625,794.4139404296875,9100
2015-12-03,801.27001953125,804.7999877929688,792.8400268554688,796.0,791.3222045898438,9700
2015-12-04,798.27001953125,802.1699829101562,793.510009765625,798.0,793.3104858398438,9200
2015-12-07,787.5399780273438,787.5800170898438,779.6699829101562,782.0,777.404541015625,14700
2015-12-08,777.4500122070312,784.7000122070312,764.5999755859375,777.1599731445312,772.5928955078125,14600
2015-12-09,777.1199951171875,780.0,764.3099975585938,768.239990234375,763.7254028320312,18400
2015-12-10,770.0,786.530029296875,752.0499877929688,762.7999877929688,758.3173217773438,23000
2015-12-11,750.02001953125,762.969970703125,750.02001953125,762.22998046875,757.7507934570312,12600
2015-12-14,760.2000122070312,768.6500244140625,751.4199829101562,763.6799926757812,759.1921997070312,17200
2015-12-15,764.0499877929688,777.5,757.8200073242188,766.22998046875,761.7271728515625,20300
2015-12-16,765.260009765625,775.0,750.25,772.0499877929688,767.5130004882812,17900
2015-12-17,771.4000244140625,775.989990234375,765.0,770.4600219726562,765.932373046875,14200
2015-12-18,768.530029296875,769.25,743.0900268554688,744.6799926757812,740.3038330078125,44300
2015-12-21,748.489990234375,748.489990234375,726.5399780273438,733.530029296875,729.2193603515625,23300
2015-12-22,725.239990234375,750.3800048828125,721.0,727.3400268554688,723.0657348632812,16900
2015-12-23,729.0,729.0,726.1199951171875,728.25,723.9703369140625,3100
2015-12-24,728.010009765625,736.0499877929688,728.010009765625,736.0499877929688,731.724609375,3000
2015-12-28,733.4099731445312,743.5999755859375,730.489990234375,740.3599853515625,736.0091552734375,7100
2015-12-29,740.0,740.0,730.239990234375,737.260009765625,732.9274291992188,9100
2015-12-30,730.9199829101562,737.75,725.5,729.5900268554688,725.3025512695312,15500
2015-12-31,733.469970703125,739.8099975585938,723.3200073242188,726.8099975585938,722.538818359375,18200
2016-01-04,728.0,734.02001953125,718.0,720.1199951171875,715.88818359375,11800
2016-01-05,722.97998046875,744.2000122070312,722.97998046875,741.97998046875,737.61962890625,10400
2016-01-06,730.02001953125,738.7000122070312,724.02001953125,734.7000122070312,730.382568359375,40600
2016-01-07,727.989990234375,747.9099731445312,722.280029296875,726.530029296875,722.2606201171875,17800
2016-01-08,730.5999755859375,732.510009765625,717.030029296875,717.2000122070312,712.9853515625,15700
2016-01-11,721.2100219726562,729.8699951171875,710.4500122070312,728.2000122070312,723.920654296875,12000
2016-01-12,729.1799926757812,734.9000244140625,725.1199951171875,728.9199829101562,724.636474609375,12600
2016-01-13,722.4500122070312,732.2899780273438,720.739990234375,723.8900146484375,719.6360473632812,10200
2016-01-14,723.3400268554688,731.6699829101562,720.0,729.8699951171875,725.5808715820312,13100
2016-01-15,726.4500122070312,748.8400268554688,722.0999755859375,733.9000244140625,729.587158203125,23400
2016-01-19,738.3599853515625,742.969970703125,722.260009765625,734.469970703125,730.1538696289062,7800
2016-01-20,733.0,742.0,730.0,733.9000244140625,729.587158203125,11600
2016-01-21,732.2000122070312,732.3499755859375,709.0,714.4299926757812,710.2315673828125,19500
2016-01-22,714.0,719.9500122070312,705.0,719.9500122070312,715.7191162109375,22900
2016-01-25,719.7000122070312,719.7000122070312,701.6199951171875,703.7999877929688,699.6640625,21800
2016-01-26,707.8900146484375,710.4600219726562,704.530029296875,710.0,705.82763671875,17700
2016-01-27,709.0900268554688,725.97998046875,698.010009765625,699.469970703125,695.3594360351562,13800
2016-01-28,700.52001953125,706.7000122070312,694.0,705.719970703125,701.5726928710938,13900
2016-01-29,702.1500244140625,719.1799926757812,702.1500244140625,713.0900268554688,708.8994750976562,28700
2016-02-01,713.0900268554688,724.8699951171875,706.5,710.0499877929688,705.8773193359375,9100
2016-02-02,712.9099731445312,712.9099731445312,700.52001953125,711.5999755859375,707.4182739257812,5600
2016-02-03,713.0,713.2000122070312,705.2899780273438,709.1799926757812,705.012451171875,7400
2016-02-04,689.3099975585938,713.1900024414062,689.3099975585938,706.0999755859375,701.9505004882812,7500
2016-02-05,708.0,738.5,708.0,722.1699829101562,717.9261474609375,14800
2016-02-08,720.5399780273438,759.97998046875,720.5399780273438,748.3699951171875,743.9721069335938,29000
2016-02-09,749.030029296875,750.969970703125,710.52001953125,710.52001953125,706.3445434570312,81300
2016-02-10,713.5999755859375,745.0,695.2000122070312,735.0999755859375,730.7801513671875,21200
2016-02-11,734.9199829101562,745.6500244140625,727.0999755859375,728.7899780273438,724.5072021484375,9600
2016-02-12,737.8400268554688,737.8400268554688,709.6300048828125,721.760009765625,717.5184936523438,21000
2016-02-16,718.52001953125,726.9500122070312,714.5,720.3099975585938,716.0770263671875,21600
2016-02-17,719.5499877929688,737.969970703125,719.5499877929688,733.780029296875,729.4678955078125,18700
2016-02-18,730.0,747.0599975585938,730.0,735.0,730.6807250976562,18200
2016-02-19,729.0,747.1799926757812,729.0,736.5900268554688,732.2614135742188,13300
2016-02-22,742.5,748.0,723.510009765625,746.9600219726562,742.5704956054688,10100
2016-02-23,743.5,752.0,743.5,748.1599731445312,743.7633666992188,12800
2016-02-24,747.989990234375,770.0,747.989990234375,760.0499877929688,755.58349609375,10500
2016-02-25,761.8400268554688,780.0,761.7100219726562,763.9299926757812,759.4407348632812,20400
2016-02-26,772.719970703125,784.9600219726562,770.0,772.0,767.4633178710938,26300
2016-02-29,759.4199829101562,771.3800048828125,759.4199829101562,766.8599853515625,762.3534545898438,12200
2016-03-01,771.9000244140625,779.5,763.0,774.8499755859375,770.2965698242188,21300
2016-03-02,779.7999877929688,779.7999877929688,731.0499877929688,764.97998046875,760.4844970703125,78000
2016-03-03,767.8499755859375,777.010009765625,753.4099731445312,773.3400268554688,768.7954711914062,13200
2016-03-04,762.5999755859375,778.5,752.3300170898438,768.0599975585938,763.5464477539062,13700
2016-03-07,767.7999877929688,783.3099975585938,759.1799926757812,769.7000122070312,765.1767578125,62700
2016-03-08,765.1599731445312,777.989990234375,760.4000244140625,767.0,762.4926147460938,22700
2016-03-09,767.0,776.0,760.9299926757812,774.0,769.4515380859375,24100
2016-03-10,776.5999755859375,789.469970703125,773.0999755859375,780.5999755859375,776.0128173828125,15300
2016-03-11,786.9500122070312,800.0,786.9500122070312,796.0499877929688,791.3718872070312,24500
2016-03-14,777.5599975585938,795.4000244140625,777.5599975585938,791.97998046875,787.3258666992188,11200
2016-03-15,789.489990234375,799.47998046875,789.489990234375,796.3499755859375,791.670166015625,9100
2016-03-16,792.0,802.1599731445312,785.02001953125,795.6699829101562,790.9942016601562,19300
2016-03-17,795.030029296875,799.6300048828125,790.0599975585938,792.0,788.3365478515625,19700
2016-03-18,793.510009765625,793.510009765625,774.0,776.4500122070312,772.8584594726562,31000
2016-03-21,779.7999877929688,795.0,779.7899780273438,779.7899780273438,776.1829833984375,21100
2016-03-22,780.989990234375,780.989990234375,766.239990234375,766.2899780273438,762.7454833984375,22400
2016-03-23,771.6900024414062,789.489990234375,771.6900024414062,777.0499877929688,773.4556884765625,10000
2016-03-24,767.510009765625,786.989990234375,747.2000122070312,781.010009765625,777.3973999023438,13200
2016-03-28,781.0,795.0,781.0,793.030029296875,789.3618774414062,14200
2016-03-29,791.6099853515625,799.5900268554688,788.5999755859375,797.8900146484375,794.1992797851562,10000
2016-03-30,797.9600219726562,809.989990234375,787.8400268554688,805.0,801.2763671875,13000
2016-03-31,805.3900146484375,805.989990234375,799.5599975585938,802.5999755859375,798.8875122070312,12100
2016-04-01,797.030029296875,810.0,786.3300170898438,807.02001953125,803.287109375,16900
2016-04-04,818.8499755859375,818.8499755859375,804.8900146484375,810.780029296875,807.02978515625,19400
2016-04-05,803.8400268554688,807.3699951171875,796.1199951171875,803.3900146484375,799.6738891601562,12900
2016-04-06,804.239990234375,819.0,796.4000244140625,804.4400024414062,800.718994140625,21000
2016-04-07,800.6799926757812,801.9000244140625,796.5700073242188,800.0,796.299560546875,18700
2016-04-08,800.6500244140625,802.6400146484375,796.9000244140625,802.6400146484375,798.9273071289062,15400
2016-04-11,804.0,804.0,799.7000122070312,801.97998046875,798.2703857421875,16000
2016-04-12,798.530029296875,805.0,795.3400268554688,803.5999755859375,799.8828735351562,17800
2016-04-13,806.77001953125,808.0,800.0,804.989990234375,801.2664794921875,14500
2016-04-14,809.530029296875,810.0,800.030029296875,807.0,803.2671508789062,12400
2016-04-15,809.7999877929688,822.2899780273438,807.1099853515625,811.8400268554688,808.0847778320312,28200
2016-04-18,808.5900268554688,830.3800048828125,801.5,807.0,803.2671508789062,9700
2016-04-19,802.6500244140625,808.6900024414062,802.6500244140625,808.1599731445312,804.4217529296875,6200
2016-04-20,814.010009765625,822.1500244140625,807.8300170898438,820.010009765625,816.2169799804688,7600
2016-04-21,821.8200073242188,829.8400268554688,801.0,812.760009765625,809.00048828125,12100
2016-04-22,808.25,808.25,800.0,804.5399780273438,800.8185424804688,7900
2016-04-25,800.4500122070312,821.5,796.2100219726562,803.989990234375,800.2710571289062,9200
2016-04-26,808.75,819.7899780273438,807.72998046875,812.4400024414062,808.6819458007812,7700
2016-04-27,810.0,818.1699829101562,810.0,817.9500122070312,814.16650390625,4900
2016-04-28,819.5900268554688,824.8499755859375,815.7999877929688,823.9199829101562,820.10888671875,10700
2016-04-29,822.7000122070312,830.0,817.469970703125,830.0,826.1607666015625,12600
2016-05-02,832.3200073242188,834.0,826.1799926757812,834.0,830.1422729492188,14500
2016-05-03,826.4099731445312,831.5900268554688,825.0,829.0,825.1654052734375,10800
2016-05-04,826.010009765625,826.010009765625,814.1400146484375,818.9199829101562,815.1320190429688,15700
2016-05-05,815.0,820.5,814.489990234375,820.5,816.7047119140625,10400
2016-05-06,802.719970703125,818.0,802.719970703125,813.77001953125,810.0059204101562,14800
2016-05-09,807.25,820.5,807.25,819.9099731445312,816.1173706054688,11600
2016-05-10,820.0,821.2999877929688,818.1199951171875,820.0,816.20703125,19100
2016-05-11,818.780029296875,821.72998046875,816.1400146484375,820.9400024414062,817.1427001953125,12900
2016-05-12,820.02001953125,825.6099853515625,809.52001953125,825.6099853515625,821.7910766601562,17800
2016-05-13,823.0499877929688,828.4299926757812,815.5800170898438,825.0,821.1838989257812,23800
2016-05-16,828.5,829.469970703125,823.510009765625,828.239990234375,824.4088745117188,11000
2016-05-17,825.25,826.9400024414062,820.5700073242188,826.9400024414062,823.1148681640625,11700
2016-05-18,821.2000122070312,830.5800170898438,819.77001953125,829.2000122070312,825.3644409179688,11100
2016-05-19,829.4500122070312,829.989990234375,819.3400268554688,825.760009765625,821.9403686523438,11600
2016-05-20,809.6500244140625,825.8699951171875,803.6199951171875,803.6199951171875,799.90283203125,37400
2016-05-23,802.0999755859375,803.8099975585938,795.0,796.989990234375,793.303466796875,17700
2016-05-24,797.8499755859375,814.5700073242188,797.8499755859375,811.02001953125,807.2686157226562,20000
2016-05-25,810.510009765625,815.9299926757812,805.3099975585938,808.489990234375,804.7501831054688,14900
2016-05-26,808.5,814.5,803.27001953125,806.0,802.2717895507812,10400
2016-05-27,806.0,806.510009765625,798.1799926757812,799.6599731445312,795.9611206054688,16300
2016-05-31,794.530029296875,813.4000244140625,790.0,805.3800048828125,801.6547241210938,42200
2016-06-01,809.47998046875,817.8599853515625,809.0,814.8499755859375,811.080810546875,16100
2016-06-02,819.489990234375,828.8900146484375,817.7999877929688,824.4099731445312,820.5965576171875,19200
2016-06-03,817.5599975585938,826.0,812.7899780273438,815.9500122070312,812.17578125,21200
2016-06-06,812.8300170898438,815.8400268554688,806.25,807.4500122070312,803.715087890625,21400
2016-06-07,809.1699829101562,819.0399780273438,809.1199951171875,819.0399780273438,815.25146484375,22500
2016-06-08,817.8300170898438,823.1599731445312,803.0999755859375,815.3699951171875,811.5984497070312,23600
2016-06-09,813.2999877929688,822.9000244140625,807.1300048828125,813.780029296875,810.0158081054688,23500
2016-06-10,813.530029296875,815.6199951171875,803.4500122070312,808.0,804.2625122070312,23700
2016-06-13,800.02001953125,816.8499755859375,800.02001953125,809.72998046875,805.9845581054688,22600
2016-06-14,809.5,813.8900146484375,807.739990234375,809.1400146484375,805.397216796875,20300
2016-06-15,810.8300170898438,837.8499755859375,810.8300170898438,821.9199829101562,818.1181640625,36900
2016-06-16,832.780029296875,832.780029296875,820.0,823.3699951171875,819.5614624023438,22900
2016-06-17,823.02001953125,834.97998046875,820.4099731445312,829.1199951171875,825.284912109375,43000
2016-06-20,831.6900024414062,834.0,823.510009765625,827.6799926757812,823.8515625,20100
2016-06-21,825.0,830.8499755859375,824.5499877929688,825.0999755859375,821.2833862304688,16400
2016-06-22,825.0,832.4600219726562,823.9600219726562,830.469970703125,826.6286010742188,12300
2016-06-23,829.3300170898438,834.1599731445312,825.1300048828125,834.1599731445312,830.301513671875,13500
2016-06-24,821.3599853515625,836.0900268554688,814.27001953125,814.27001953125,810.5036010742188,43100
2016-06-27,813.8599853515625,818.0,798.0800170898438,799.4500122070312,795.7520751953125,18400
2016-06-28,805.0,828.0,802.5,825.0900268554688,821.2734985351562,26400
2016-06-29,822.5999755859375,845.3699951171875,822.5999755859375,836.9299926757812,833.0587158203125,19800
2016-06-30,837.52001953125,843.5900268554688,836.239990234375,842.0,838.105224609375,21700
2016-07-01,839.3099975585938,850.9500122070312,835.5,835.8499755859375,831.9837036132812,9000
2016-07-05,832.6400146484375,836.9500122070312,825.0,828.9400024414062,825.1056518554688,8300
2016-07-06,825.969970703125,839.0,825.0,829.77001953125,825.931884765625,22900
2016-07-07,831.969970703125,837.97998046875,830.2899780273438,833.4600219726562,829.6048583984375,4800
2016-07-08,833.4600219726562,841.2999877929688,829.6400146484375,832.0399780273438,828.1912841796875,11800
2016-07-11,828.1699829101562,835.0,828.1699829101562,833.9099731445312,830.052734375,9600
2016-07-12,837.8300170898438,837.8300170898438,823.72998046875,829.5,825.6630859375,13600
2016-07-13,828.97998046875,828.989990234375,822.02001953125,825.47998046875,821.6616821289062,11700
2016-07-14,826.0,827.2000122070312,821.719970703125,823.760009765625,819.9496459960938,16500
2016-07-15,818.0,825.1599731445312,804.4400024414062,816.2899780273438,812.51416015625,32900
2016-07-18,813.7100219726562,818.3400268554688,813.5,816.6599731445312,812.8824462890625,22900
2016-07-19,807.9400024414062,817.0700073242188,807.9400024414062,812.9199829101562,809.1598510742188,14800
2016-07-20,813.030029296875,819.0,811.1099853515625,813.22998046875,809.4683227539062,19200
2016-07-21,812.6500244140625,821.780029296875,812.6400146484375,815.9099731445312,812.1359252929688,15500
2016-07-22,822.9500122070312,830.9500122070312,815.3200073242188,827.25,823.4234619140625,11300
2016-07-25,825.1699829101562,831.0,821.1400146484375,821.4500122070312,817.6503295898438,15100
2016-07-26,826.0999755859375,827.22998046875,824.5999755859375,824.97998046875,821.1640014648438,6300
2016-07-27,822.3300170898438,830.3699951171875,822.3300170898438,825.3200073242188,821.50244140625,7000
2016-07-28,823.1500244140625,828.5,820.6199951171875,822.2000122070312,818.3969116210938,11200
2016-07-29,822.2000122070312,827.3300170898438,816.1599731445312,821.3200073242188,817.5209350585938,6200
2016-08-01,825.8699951171875,830.0,821.0,821.0,817.202392578125,11600
2016-08-02,824.0,824.6799926757812,817.7000122070312,820.3599853515625,816.5653076171875,10600
2016-08-03,816.6799926757812,825.8900146484375,816.6799926757812,820.3499755859375,816.555419921875,8600
2016-08-04,821.0,829.969970703125,818.7100219726562,825.1400146484375,821.3232421875,10300
2016-08-05,825.1300048828125,828.989990234375,819.3300170898438,819.3300170898438,815.5401611328125,9500
2016-08-08,828.0,852.5800170898438,825.6199951171875,829.0,825.1654052734375,12200
2016-08-09,821.1300048828125,827.8900146484375,821.1199951171875,822.7000122070312,818.89453125,9600
2016-08-10,823.3300170898438,826.260009765625,820.030029296875,820.6099853515625,816.8141479492188,10800
2016-08-11,821.4000244140625,829.8900146484375,821.4000244140625,825.010009765625,821.19384765625,4600
2016-08-12,822.7999877929688,827.1199951171875,822.7999877929688,825.239990234375,821.4227905273438,5000
2016-08-15,825.4299926757812,826.97998046875,816.3200073242188,826.97998046875,823.15478515625,4900
2016-08-16,823.6099853515625,826.9099731445312,820.1199951171875,822.0,818.1978149414062,14600
2016-08-17,822.0,824.5,817.1199951171875,818.4000244140625,814.6144409179688,8300
2016-08-18,818.0599975585938,824.5,818.0599975585938,824.1799926757812,820.36767578125,5800
2016-08-19,818.510009765625,824.6500244140625,818.510009765625,824.6500244140625,820.8355102539062,3300
2016-08-22,823.989990234375,824.8900146484375,822.0,824.6500244140625,820.8355102539062,3500
2016-08-23,824.0,825.9299926757812,821.4400024414062,823.0999755859375,819.2926635742188,6800
2016-08-24,823.9000244140625,826.0,820.3099975585938,823.0,819.193115234375,6700
2016-08-25,824.010009765625,831.1799926757812,823.6699829101562,823.8300170898438,820.0194091796875,11500
2016-08-26,824.8300170898438,824.8300170898438,809.3499755859375,814.3400268554688,810.5731811523438,22200
2016-08-29,814.6900024414062,824.1199951171875,814.6900024414062,822.0,818.1978149414062,30100
2016-08-30,821.9000244140625,825.0,810.0599975585938,818.0999755859375,814.3158569335938,17300
2016-08-31,818.0,824.9199829101562,818.0,824.02001953125,820.2084350585938,15300
2016-09-01,827.969970703125,828.739990234375,818.5,824.1099853515625,820.2980346679688,15500
2016-09-02,823.1199951171875,828.469970703125,820.969970703125,827.760009765625,823.93115234375,13500
2016-09-06,818.510009765625,830.280029296875,818.510009765625,828.1900024414062,824.3590698242188,22000
2016-09-07,829.219970703125,834.8800048828125,824.9500122070312,834.8599853515625,830.9983520507812,14400
2016-09-08,832.0399780273438,836.7999877929688,828.030029296875,829.719970703125,825.882080078125,12100
2016-09-09,829.7899780273438,829.7899780273438,819.2100219726562,822.2000122070312,818.3969116210938,9200
2016-09-12,819.7899780273438,824.6900024414062,805.0999755859375,814.9299926757812,811.1604614257812,36300
2016-09-13,817.72998046875,820.6500244140625,806.6599731445312,816.280029296875,812.5042724609375,20000
2016-09-14,817.8300170898438,829.1599731445312,815.2000122070312,816.0,812.2255249023438,20800
2016-09-15,816.0999755859375,822.5999755859375,815.1799926757812,819.9199829101562,816.1273803710938,9300
2016-09-16,818.02001953125,819.8599853515625,810.52001953125,812.0800170898438,808.32373046875,33900
2016-09-19,815.8499755859375,831.97998046875,813.2000122070312,830.72998046875,826.8873901367188,20400
2016-09-20,830.02001953125,830.02001953125,825.6300048828125,827.989990234375,824.1600341796875,5600
2016-09-21,831.47998046875,831.9600219726562,826.5,828.0999755859375,824.26953125,10600
2016-09-22,828.030029296875,828.8499755859375,825.0,827.0,823.1746215820312,5400
2016-09-23,827.3800048828125,827.3800048828125,818.4199829101562,826.0,822.1792602539062,13700
2016-09-26,826.1099853515625,828.7999877929688,819.0700073242188,825.3400268554688,821.5223999023438,7900
2016-09-27,825.0,834.239990234375,825.0,829.1300048828125,825.2948608398438,8300
2016-09-28,830.1099853515625,837.5499877929688,827.9500122070312,831.530029296875,827.6837158203125,6600
2016-09-29,833.27001953125,833.27001953125,826.5499877929688,826.5499877929688,822.7266845703125,7000
2016-09-30,826.739990234375,833.0,826.739990234375,830.0,826.1607666015625,16200
2016-10-03,827.0999755859375,833.4199829101562,826.75,830.0,826.1607666015625,14000
2016-10-04,828.6099853515625,829.97998046875,825.25,828.8099975585938,824.9762573242188,6100
2016-10-05,831.0999755859375,834.47998046875,820.739990234375,820.739990234375,816.943603515625,9300
2016-10-06,822.3099975585938,827.2000122070312,820.6099853515625,821.0999755859375,817.3019409179688,13500
2016-10-07,845.72998046875,845.72998046875,821.75,825.02001953125,821.203857421875,9000
2016-10-10,827.530029296875,827.8400268554688,824.0,826.510009765625,822.6869506835938,10300
2016-10-11,824.719970703125,826.2899780273438,822.9000244140625,825.010009765625,821.19384765625,5500
2016-10-12,825.0,831.6300048828125,822.0,831.0,827.1561279296875,18200
2016-10-13,828.9400024414062,842.52001953125,828.9400024414062,841.97998046875,838.0853881835938,16500
2016-10-14,844.2899780273438,850.9400024414062,840.0,845.9400024414062,842.0270385742188,21800
2016-10-17,843.010009765625,847.0,839.530029296875,846.969970703125,843.05224609375,12200
2016-10-18,845.510009765625,853.6599731445312,845.510009765625,851.77001953125,847.830078125,16400
2016-10-19,852.0,854.47998046875,834.010009765625,838.1199951171875,834.2432250976562,17900
2016-10-20,834.0499877929688,836.9600219726562,829.6300048828125,829.6300048828125,825.7925415039062,5300
2016-10-21,824.3800048828125,829.1599731445312,817.0499877929688,826.0499877929688,822.22900390625,12400
2016-10-24,831.3499755859375,831.3499755859375,821.2999877929688,826.8499755859375,823.0252685546875,20100
2016-10-25,827.0599975585938,827.8599853515625,824.0599975585938,827.0,823.1746215820312,12900
2016-10-26,828.8699951171875,833.1199951171875,823.969970703125,823.969970703125,820.1586303710938,8500
2016-10-27,831.0999755859375,839.0599975585938,827.3400268554688,834.8499755859375,830.9883422851562,7200
2016-10-28,833.8200073242188,836.8900146484375,831.5599975585938,832.510009765625,828.6591796875,4700
2016-10-31,832.989990234375,832.989990234375,826.1799926757812,829.719970703125,825.882080078125,7200
2016-11-01,829.72998046875,830.989990234375,823.5900268554688,825.7999877929688,821.9801635742188,9400
2016-11-02,826.0399780273438,844.6400146484375,826.030029296875,833.1400146484375,829.2862548828125,11400
2016-11-03,838.3499755859375,838.3499755859375,816.3300170898438,824.0,820.1885375976562,8000
2016-11-04,823.22998046875,827.8300170898438,815.0399780273438,818.4000244140625,814.6144409179688,14300
2016-11-07,822.9400024414062,827.989990234375,817.0,823.3699951171875,819.5614624023438,13400
2016-11-08,823.3599853515625,835.219970703125,823.3599853515625,831.489990234375,827.6438598632812,7400
2016-11-09,830.1199951171875,831.02001953125,820.010009765625,820.989990234375,817.1924438476562,17300
2016-11-10,823.1900024414062,828.72998046875,823.0800170898438,825.22998046875,821.4129028320312,25000
2016-11-11,823.5999755859375,831.989990234375,823.5999755859375,828.0,824.1700439453125,15100
2016-11-14,827.52001953125,833.0,825.030029296875,829.9199829101562,826.0811157226562,12000
2016-11-15,826.5999755859375,842.260009765625,823.5999755859375,838.1900024414062,834.3128662109375,18500
2016-11-16,835.8499755859375,835.8499755859375,826.5700073242188,834.1400146484375,830.2816162109375,9400
2016-11-17,839.7100219726562,842.3800048828125,826.1599731445312,838.6400146484375,834.7608032226562,15100
2016-11-18,842.3699951171875,849.6500244140625,835.2000122070312,837.2100219726562,833.33740234375,30100
2016-11-21,841.5,841.5,832.5599975585938,832.5599975585938,828.708984375,8100
2016-11-22,835.7000122070312,841.0800170898438,826.6099853515625,828.0599975585938,824.2297973632812,7100
2016-11-23,828.6699829101562,842.4299926757812,821.1500244140625,836.1599731445312,832.2922973632812,11600
2016-11-25,842.8499755859375,854.5,842.8400268554688,850.0,846.0682373046875,4200
2016-11-28,850.0,856.1699829101562,839.6500244140625,851.27001953125,847.3323974609375,19800
2016-11-29,840.52001953125,863.7100219726562,840.52001953125,854.8099975585938,850.85595703125,17800
2016-11-30,858.0999755859375,858.8599853515625,834.5399780273438,836.969970703125,833.0985107421875,21100
2016-12-01,841.0,854.8099975585938,835.0,851.9000244140625,847.9595336914062,36100
2016-12-02,851.8400268554688,872.1199951171875,843.1699829101562,852.489990234375,848.5466918945312,38400
2016-12-05,851.0999755859375,854.1500244140625,836.0499877929688,841.8800048828125,837.9859008789062,10800
2016-12-06,842.97998046875,849.02001953125,838.030029296875,847.8900146484375,843.968017578125,21000
2016-12-07,847.6799926757812,851.8900146484375,845.0,849.9299926757812,845.9985961914062,13600
2016-12-08,846.6500244140625,860.0,846.6500244140625,857.6500244140625,853.6829223632812,11400
2016-12-09,859.030029296875,865.5499877929688,853.9400024414062,854.9000244140625,850.9456176757812,20800
2016-12-12,859.8599853515625,872.5,859.0,868.0,863.9849853515625,25000
2016-12-13,869.489990234375,874.6900024414062,855.2000122070312,860.0800170898438,856.1016845703125,22200
2016-12-14,862.9500122070312,862.9500122070312,846.27001953125,846.7100219726562,842.7935180664062,10700
2016-12-15,833.6099853515625,856.9600219726562,833.6099853515625,845.6199951171875,841.70849609375,19000
2016-12-16,847.97998046875,853.4500122070312,838.2100219726562,839.2100219726562,835.3281860351562,33100
2016-12-19,841.0,863.2899780273438,841.0,854.5,850.5474243164062,37000
2016-12-20,858.25,858.25,847.5,848.0,844.0775146484375,16100
2016-12-21,847.77001953125,862.5,842.4000244140625,859.6500244140625,855.6736450195312,14500
2016-12-22,858.0,862.4199829101562,844.280029296875,847.0999755859375,843.181640625,13800
2016-12-23,852.7999877929688,864.489990234375,850.0,854.9500122070312,850.995361328125,5800
2016-12-27,856.489990234375,856.5,840.1500244140625,841.0,837.1098022460938,17600
2016-12-28,842.5,849.9500122070312,838.8499755859375,843.3099975585938,839.4091796875,7400
2016-12-29,843.3099975585938,843.3099975585938,832.0999755859375,837.0999755859375,833.2279052734375,6900
2016-12-30,837.5599975585938,839.52001953125,833.5,836.0499877929688,832.1827392578125,13800
2017-01-03,837.3599853515625,850.010009765625,836.5,849.5999755859375,845.6701049804688,17200
2017-01-04,850.1599731445312,858.0900268554688,847.0599975585938,853.5800170898438,849.6317749023438,17400
2017-01-05,839.7100219726562,867.489990234375,839.7100219726562,847.8200073242188,843.8983764648438,25200
2017-01-06,849.5499877929688,857.989990234375,849.5499877929688,852.6599731445312,848.7159423828125,13900
2017-01-09,853.75,854.0,834.2000122070312,845.8099975585938,841.8976440429688,13800
2017-01-10,845.52001953125,849.0,842.0800170898438,842.0999755859375,838.2047729492188,14000
2017-01-11,842.6599731445312,846.4500122070312,839.239990234375,839.510009765625,835.6267700195312,14600
2017-01-12,842.7000122070312,843.5800170898438,839.8599853515625,843.22998046875,839.32958984375,9600
2017-01-13,846.9000244140625,846.9000244140625,841.0,844.239990234375,840.3348388671875,13200
2017-01-17,841.2000122070312,850.7899780273438,838.4099731445312,847.5999755859375,843.6793212890625,17200
2017-01-18,850.3200073242188,868.4000244140625,850.3200073242188,863.9400024414062,859.9437866210938,28300
2017-01-19,863.9600219726562,892.6900024414062,863.5999755859375,872.4500122070312,868.4144287109375,45200
2017-01-20,874.5399780273438,885.0,867.2000122070312,876.760009765625,872.7044677734375,13100
2017-01-23,875.8800048828125,880.989990234375,875.260009765625,877.7899780273438,873.7296752929688,7700
2017-01-24,879.5,896.0,879.5,891.8900146484375,887.7645263671875,31400
2017-01-25,899.5900268554688,914.0599975585938,892.6099853515625,906.8599853515624,902.665283203125,21000
2017-01-26,908.0,908.0,893.1199951171875,899.9000244140625,895.7374267578125,20300
2017-01-27,896.8099975585938,904.4099731445312,881.52001953125,891.780029296875,887.6550903320312,28800
2017-01-30,889.9000244140625,899.989990234375,881.530029296875,892.5900268554688,888.4612426757812,14800
2017-01-31,910.989990234375,910.989990234375,887.5900268554688,909.760009765625,905.5518188476562,25200
2017-02-01,912.5999755859376,918.010009765625,892.969970703125,898.6199951171875,894.46337890625,17500
2017-02-02,895.0599975585938,914.75,889.010009765625,914.75,910.5186767578124,19300
2017-02-03,912.280029296875,912.280029296875,895.0700073242188,907.5,903.3023071289062,14700
2017-02-06,901.5999755859376,913.7000122070312,899.010009765625,907.5,903.3023071289062,11500
2017-02-07,891.0,897.9500122070312,883.5,891.2899780273438,887.167236328125,27600
2017-02-08,889.7000122070312,892.5900268554688,886.010009765625,889.3800048828125,885.26611328125,12200
2017-02-09,885.0999755859375,897.0800170898438,884.1599731445312,884.1599731445312,880.0702514648438,19200
2017-02-10,890.0,899.5399780273438,887.760009765625,896.77001953125,892.6219482421875,14300
2017-02-13,897.72998046875,905.6699829101562,896.0999755859375,902.0,897.8276977539062,11200
2017-02-14,896.3800048828125,904.8499755859376,896.3800048828125,903.7999877929688,899.619384765625,8700
2017-02-15,903.8099975585938,907.260009765625,896.75,907.260009765625,903.0634155273438,9700
2017-02-16,902.0399780273438,914.5900268554688,902.0399780273438,910.260009765625,906.0494995117188,21800
2017-02-17,905.4400024414062,915.0,894.1199951171875,911.3200073242188,907.1046142578124,14100
2017-02-21,892.6599731445312,947.1699829101562,892.6599731445312,933.2000122070312,928.8833618164062,34600
2017-02-22,936.25,940.0,915.0,919.9400024414062,915.6847534179688,20800
2017-02-23,927.3099975585938,943.25,921.530029296875,934.1300048828124,929.8091430664062,52600
2017-02-24,937.969970703125,948.0,933.5999755859376,938.8699951171876,934.5272216796876,14700
2017-02-27,933.4500122070312,940.97998046875,921.260009765625,935.7999877929688,931.4713134765624,34400
2017-02-28,939.1300048828124,940.77001953125,931.1300048828124,936.260009765625,931.9292602539062,35100
2017-03-01,937.989990234375,948.9400024414062,933.0900268554688,947.0,942.6195068359376,30200
2017-03-02,944.0,944.0,934.1799926757812,937.72998046875,933.3924560546876,28500
2017-03-03,936.0,936.0,927.0700073242188,928.9000244140624,924.603271484375,12800
2017-03-06,933.1500244140624,933.25,920.5399780273438,927.5800170898438,923.2894287109376,11600
2017-03-07,924.0,928.5,918.3099975585938,922.3499755859376,918.0835571289062,15600
2017-03-08,919.489990234375,927.0,919.489990234375,923.4400024414062,919.1685791015624,7300
2017-03-09,921.6099853515624,929.4500122070312,912.2000122070312,921.030029296875,916.769775390625,11300
2017-03-10,922.6199951171876,923.030029296875,917.6300048828124,922.0,917.7352294921876,10400
2017-03-13,918.719970703125,921.010009765625,916.75,919.5999755859376,915.3462524414062,9900
2017-03-14,914.0,925.7000122070312,905.030029296875,917.75,913.5048828125,17900
2017-03-15,912.2000122070312,920.0,904.2000122070312,912.5900268554688,908.3688354492188,26700
2017-03-16,909.7000122070312,917.989990234375,901.97998046875,908.75,905.5387573242188,21800
2017-03-17,910.2000122070312,914.97998046875,904.0700073242188,907.1699829101562,903.9642944335938,16500
2017-03-20,904.5399780273438,908.02001953125,900.510009765625,902.27001953125,899.0817260742188,17400
2017-03-21,900.4000244140625,906.0,890.5499877929688,891.1500244140625,888.0010375976562,22200
2017-03-22,892.1799926757812,900.97998046875,882.1799926757812,890.75,887.6024169921875,22100
2017-03-23,890.1500244140625,901.1099853515624,879.3099975585938,882.5,879.381591796875,22400
2017-03-24,879.2999877929688,892.5999755859375,879.2999877929688,885.5900268554688,882.460693359375,8900
2017-03-27,881.9500122070312,893.9000244140625,876.0,886.8499755859375,883.7161254882812,21800
2017-03-28,883.010009765625,892.4199829101562,880.9000244140625,884.010009765625,880.88623046875,10600
2017-03-29,883.8200073242188,884.0999755859375,873.5999755859375,881.4500122070312,878.3352661132812,10300
2017-03-30,880.9500122070312,885.22998046875,875.1500244140625,882.9500122070312,879.8300170898438,7900
2017-03-31,881.010009765625,885.260009765625,875.02001953125,879.8800048828125,876.770751953125,16800
2017-04-03,880.0,886.4299926757812,875.0700073242188,882.2100219726562,879.0926513671875,12300
2017-04-04,882.1199951171875,889.8800048828125,876.469970703125,879.1199951171875,876.0135498046875,11600
2017-04-05,881.0399780273438,881.0399780273438,864.7000122070312,869.1099853515625,866.0388793945312,44000
2017-04-06,867.969970703125,867.969970703125,862.0,866.8900146484375,863.82666015625,10000
2017-04-07,860.2899780273438,863.9500122070312,857.6400146484375,860.6599731445312,857.61865234375,16300
2017-04-10,862.3400268554688,872.9299926757812,857.989990234375,867.4299926757812,864.3648071289062,10900
2017-04-11,867.2000122070312,879.3499755859375,867.0,877.5,874.399169921875,17400
2017-04-12,872.4000244140625,874.739990234375,863.02001953125,863.0800170898438,860.0302124023438,7000
2017-04-13,864.8200073242188,869.25,859.260009765625,860.3200073242188,857.2799072265625,5000
2017-04-17,865.4500122070312,865.4500122070312,856.0,863.0,859.950439453125,9900
2017-04-18,862.1099853515625,871.1799926757812,857.7000122070312,869.6900024414062,866.6167602539062,14400
2017-04-19,862.030029296875,873.75,862.030029296875,864.530029296875,861.4750366210938,15200
2017-04-20,869.010009765625,869.010009765625,857.9099731445312,859.8300170898438,856.7916870117188,12800
2017-04-21,860.0,864.0,854.9500122070312,862.5599975585938,859.511962890625,14500
2017-04-24,863.030029296875,866.8200073242188,859.1300048828125,863.7000122070312,860.64794921875,12900
2017-04-25,864.010009765625,867.8499755859375,862.0,865.0,861.943359375,8600
2017-04-26,862.2100219726562,872.47998046875,862.2100219726562,867.0,863.936279296875,5900
2017-04-27,861.25,870.489990234375,861.0499877929688,867.0,863.936279296875,7000
2017-04-28,862.0,862.0,847.0,858.9400024414062,855.9048461914062,20400
2017-05-01,863.760009765625,865.5700073242188,847.0999755859375,857.1400146484375,854.1112060546875,20000
2017-05-02,856.010009765625,858.0,845.4099731445312,849.9199829101562,846.9166259765625,27900
2017-05-03,851.2999877929688,900.0499877929688,851.2999877929688,872.0399780273438,868.95849609375,41000
2017-05-04,872.2000122070312,874.0,862.0,867.3400268554688,864.2750854492188,14400
2017-05-05,871.0,871.0,862.5,864.0999755859375,861.0465087890625,12200
2017-05-08,868.030029296875,869.4500122070312,862.3699951171875,865.0,861.943359375,16700
2017-05-09,868.9500122070312,870.989990234375,865.1500244140625,868.75,865.6801147460938,14400
2017-05-10,868.6699829101562,876.0,868.6699829101562,871.0599975585938,867.98193359375,9600
2017-05-11,871.010009765625,872.0,867.4299926757812,868.9600219726562,865.889404296875,12500
2017-05-12,868.1500244140625,869.0,852.2999877929688,854.7000122070312,851.6797485351562,23400
2017-05-15,853.0499877929688,872.72998046875,853.0499877929688,867.52001953125,864.4544677734375,16400
2017-05-16,865.1500244140625,866.8400268554688,858.0800170898438,860.9099731445312,857.8677978515625,21800
2017-05-17,853.510009765625,865.5,853.510009765625,862.2000122070312,859.1532592773438,15900
2017-05-18,858.2999877929688,868.989990234375,855.5999755859375,864.219970703125,861.1661376953125,11900
2017-05-19,862.1799926757812,867.989990234375,857.7100219726562,861.5499877929688,858.5054931640625,10200
2017-05-22,859.010009765625,876.1300048828125,854.97998046875,870.4299926757812,867.3541870117188,32600
2017-05-23,866.1099853515625,871.6699829101562,864.1300048828125,870.0,866.9257202148438,14300
2017-05-24,869.010009765625,879.7999877929688,863.8800048828125,876.8900146484375,873.7913208007812,25100
2017-05-25,873.030029296875,877.0,870.0,874.1699829101562,871.0809936523438,14300
2017-05-26,872.4600219726562,883.9000244140625,869.02001953125,878.3499755859375,875.2461547851562,23500
2017-05-30,873.3499755859375,875.5999755859375,862.1199951171875,863.6599731445312,860.6080932617188,16800
2017-05-31,861.719970703125,861.989990234375,854.2000122070312,860.0800170898438,857.0408325195312,17300
2017-06-01,860.0800170898438,873.0,857.4099731445312,867.9600219726562,864.8929443359375,15000
2017-06-02,865.5700073242188,872.4600219726562,860.1300048828125,870.5700073242188,867.4937133789062,27100
2017-06-05,865.5,871.8400268554688,863.4000244140625,866.8400268554688,863.77685546875,14800
2017-06-06,866.8400268554688,870.3099975585938,863.97998046875,866.5800170898438,863.517822265625,15700
2017-06-07,864.6500244140625,870.4400024414062,864.6500244140625,868.6599731445312,865.5904541015625,10000
2017-06-08,866.02001953125,868.8499755859375,862.4099731445312,868.8499755859375,865.7797241210938,21100
2017-06-09,870.52001953125,873.989990234375,866.1099853515625,870.0999755859375,867.0253295898438,21100
2017-06-12,866.52001953125,872.7999877929688,865.7100219726562,872.7999877929688,869.7157592773438,28700
2017-06-13,875.989990234375,885.3599853515625,875.989990234375,879.9199829101562,876.8106079101562,16200
2017-06-14,882.0499877929688,882.0499877929688,870.1799926757812,879.7000122070312,876.5914306640625,23600
2017-06-15,878.989990234375,880.0,874.6199951171875,878.8499755859375,875.744384765625,19100
2017-06-16,879.0399780273438,880.0,873.8699951171875,874.2000122070312,871.11083984375,42300
2017-06-19,877.9000244140625,879.0,866.6799926757812,866.6799926757812,863.617431640625,10200
2017-06-20,864.6500244140625,868.3599853515625,858.0,868.3200073242188,865.2516479492188,22600
2017-06-21,871.4000244140625,871.4000244140625,865.0,869.1799926757812,866.108642578125,14200
2017-06-22,867.2999877929688,867.2999877929688,860.0,864.0,860.9468994140625,11600
2017-06-23,866.97998046875,868.489990234375,861.0700073242188,862.4400024414062,859.3924560546875,24300
2017-06-26,864.2999877929688,868.75,854.530029296875,865.9199829101562,862.8601684570312,16900
2017-06-27,861.8300170898438,869.97998046875,861.8300170898438,869.6199951171875,866.5470581054688,8800
2017-06-28,870.0,873.9400024414062,867.52001953125,869.4299926757812,866.3577270507812,10000
2017-06-29,870.02001953125,870.02001953125,857.3200073242188,870.0,866.9257202148438,6900
2017-06-30,870.0,870.0,866.0999755859375,868.6300048828125,865.560546875,13600
2017-07-03,870.0,888.0,869.9199829101562,876.97998046875,873.8810424804688,29700
2017-07-05,874.8499755859375,877.4199829101562,864.6199951171875,864.7999877929688,861.7440795898438,19500
2017-07-06,865.0900268554688,865.0900268554688,853.4500122070312,853.4500122070312,850.4342041015625,11500
2017-07-07,853.0,861.719970703125,853.0,859.9000244140625,856.8613891601562,9500
2017-07-10,858.6300048828125,863.5999755859375,853.47998046875,856.739990234375,853.7125854492188,13700
2017-07-11,855.8900146484375,855.8900146484375,846.010009765625,852.0,848.9893188476562,19600
2017-07-12,854.3499755859375,864.9000244140625,854.3499755859375,864.9000244140625,861.84375,26000
2017-07-13,862.72998046875,871.0,855.2100219726562,856.9500122070312,853.9218139648438,28800
2017-07-14,856.4600219726562,856.4600219726562,845.0999755859375,852.5,849.487548828125,30200
2017-07-17,853.4000244140625,864.25,852.0499877929688,863.2000122070312,860.1497192382812,32400
2017-07-18,861.969970703125,864.8900146484375,855.0,861.6099853515625,858.5653076171875,27300
2017-07-19,861.010009765625,873.7999877929688,857.3400268554688,866.5999755859375,863.5376586914062,26100
2017-07-20,867.3499755859375,871.9500122070312,859.77001953125,869.6300048828125,866.5570678710938,38600
2017-07-21,867.5,868.4400024414062,866.3499755859375,868.4400024414062,865.3712158203125,4300
2017-07-24,868.9000244140625,868.9099731445312,861.9099731445312,865.1500244140625,862.0928344726562,9700
2017-07-25,866.5999755859375,872.510009765625,863.6400146484375,871.0,867.9221801757812,10400
2017-07-26,872.0,874.0,856.760009765625,858.5399780273438,855.5062255859375,21900
2017-07-27,860.5,861.0999755859375,851.5,856.5399780273438,853.5133056640625,13100
2017-07-28,855.8499755859375,864.6599731445312,848.2999877929688,859.3300170898438,856.29345703125,19600
2017-07-31,861.3300170898438,865.0,858.030029296875,864.5999755859375,861.5447387695312,10100
2017-08-01,863.9500122070312,867.5,860.260009765625,863.27001953125,860.2195434570312,8700
2017-08-02,864.7000122070312,864.7000122070312,850.4099731445312,852.7899780273438,849.7764892578125,16700
2017-08-03,850.0,857.6900024414062,847.8200073242188,855.7000122070312,852.6762084960938,6800
2017-08-04,856.0,856.75,850.0,850.0999755859375,847.0960083007812,13900
2017-08-07,851.0,852.8400268554688,840.3800048828125,851.7999877929688,848.7900390625,20900
2017-08-08,852.3200073242188,855.4000244140625,847.5,852.7000122070312,849.6868896484375,20400
2017-08-09,849.6900024414062,852.1099853515625,844.02001953125,844.2899780273438,841.3065795898438,13100
2017-08-10,843.510009765625,855.0,842.25,852.5800170898438,849.5672607421875,16600
2017-08-11,852.0,859.989990234375,850.4500122070312,859.3599853515625,856.3232421875,18000
2017-08-14,858.1599731445312,860.0,849.010009765625,851.0800170898438,848.0726318359375,16300
2017-08-15,850.7999877929688,853.219970703125,848.0,851.010009765625,848.0028076171875,7200
2017-08-16,850.9199829101562,855.1500244140625,850.0,850.6500244140625,847.6441040039062,9500
2017-08-17,857.9000244140625,869.4299926757812,857.9000244140625,864.8699951171875,861.8138427734375,34500
2017-08-18,863.9099731445312,864.989990234375,861.0900268554688,864.6300048828125,861.57470703125,10200
2017-08-21,862.72998046875,865.7999877929688,862.0,862.0,858.9539184570312,9300
2017-08-22,863.2100219726562,865.3400268554688,862.5800170898438,862.5800170898438,859.531982421875,11900
2017-08-23,862.5,869.5,862.5,866.7999877929688,863.7369995117188,14900
2017-08-24,865.27001953125,865.780029296875,862.0,864.1799926757812,861.1263427734375,14800
2017-08-25,862.8699951171875,871.3699951171875,862.8699951171875,870.0,866.9257202148438,25800
2017-08-28,867.760009765625,869.239990234375,865.0,865.4000244140625,862.3419799804688,16000
2017-08-29,864.5999755859375,867.8800048828125,863.780029296875,863.780029296875,860.727783203125,10100
2017-08-30,865.989990234375,869.0,864.0,866.510009765625,863.4480590820312,21500
2017-08-31,865.969970703125,873.1900024414062,865.3300170898438,871.0700073242188,867.991943359375,17100
2017-09-01,870.22998046875,874.010009765625,869.8800048828125,872.7000122070312,869.6161499023438,21100
2017-09-05,869.3900146484375,870.5499877929688,863.4600219726562,863.4600219726562,860.4088134765625,24900
2017-09-06,866.8099975585938,869.47998046875,863.0,863.0,859.950439453125,24100
2017-09-07,863.1400146484375,865.2100219726562,859.0,859.0,855.964599609375,21900
2017-09-08,859.6500244140625,868.0,859.6500244140625,864.47998046875,861.4251708984375,25900
2017-09-11,868.3900146484375,873.8699951171875,867.1599731445312,870.0,866.9257202148438,20500
2017-09-12,869.9099731445312,874.6699829101562,869.530029296875,874.6599731445312,871.5692138671875,21000
2017-09-13,872.2000122070312,874.8699951171875,872.2000122070312,872.8200073242188,869.7357788085938,20600
2017-09-14,874.0,874.5,871.5999755859375,872.010009765625,868.9285888671875,19700
2017-09-15,870.4500122070312,870.4500122070312,856.25,859.7000122070312,856.6620483398438,85200
2017-09-18,862.1199951171875,862.1199951171875,848.3099975585938,849.4000244140625,846.3985595703125,28000
2017-09-19,851.3300170898438,852.97998046875,843.0,844.0499877929688,841.0674438476562,28800
2017-09-20,845.9500122070312,852.989990234375,839.010009765625,850.8699951171875,847.86328125,30100
2017-09-21,850.010009765625,850.9299926757812,841.6699829101562,844.0,841.0176391601562,37200
2017-09-22,843.8499755859375,850.7999877929688,842.010009765625,842.8699951171875,839.8915405273438,44100
2017-09-25,843.5599975585938,846.8699951171875,838.6500244140625,843.8200073242188,840.8381958007812,26800
2017-09-26,844.8800048828125,864.1900024414062,842.0,859.25,856.2136840820312,47100
2017-09-27,861.739990234375,861.75,847.6699829101562,851.0599975585938,848.0526123046875,26100
2017-09-28,854.8599853515625,855.9400024414062,846.5,854.7999877929688,851.7793579101562,10600
2017-09-29,852.8499755859375,857.7100219726562,850.25,857.0,853.9716186523438,41300
2017-10-02,857.0499877929688,865.0,852.969970703125,865.0,861.943359375,20600
2017-10-03,865.969970703125,872.97998046875,862.510009765625,867.260009765625,864.1954345703125,23300
2017-10-04,865.4000244140625,872.1900024414062,861.3400268554688,861.3400268554688,858.29638671875,18700
2017-10-05,860.4000244140625,869.1699829101562,860.4000244140625,868.0399780273438,864.9725952148438,13100
2017-10-06,865.9000244140625,867.0,862.4299926757812,866.8599853515625,863.7968139648438,10900
2017-10-09,863.1900024414062,865.0499877929688,843.3499755859375,857.4500122070312,854.4200439453125,17300
2017-10-10,859.1799926757812,867.0,854.469970703125,864.0399780273438,860.9866943359375,18000
2017-10-11,862.239990234375,868.0,858.6799926757812,865.0399780273438,861.983154296875,11700
2017-10-12,858.0700073242188,868.0,858.0700073242188,867.8400268554688,864.7733154296875,18300
2017-10-13,868.3800048828125,874.3400268554688,862.4400024414062,870.5599975585938,867.4837036132812,20400
2017-10-16,870.9000244140625,871.6799926757812,865.8099975585938,867.47998046875,864.4146118164062,11500
2017-10-17,866.780029296875,874.489990234375,866.510009765625,873.9500122070312,870.8617553710938,25900
2017-10-18,875.0,883.4299926757812,874.989990234375,879.739990234375,876.6312866210938,21900
2017-10-19,879.8699951171875,883.989990234375,875.5499877929688,882.97998046875,879.8598022460938,9200
2017-10-20,884.5,890.9400024414062,884.5,888.0,884.8621215820312,17800
2017-10-23,889.010009765625,893.7999877929688,885.9099731445312,888.0,884.8621215820312,21800
2017-10-24,888.2000122070312,892.8599853515625,885.5700073242188,890.0,886.8550415039062,25400
2017-10-25,891.4000244140625,893.3900146484375,886.6500244140625,891.5399780273438,888.3895874023438,12500
2017-10-26,891.989990234375,896.989990234375,890.0,895.6099853515625,892.4451293945312,26500
2017-10-27,893.02001953125,895.3300170898438,886.0900268554688,892.5900268554688,889.4359130859375,17100
2017-10-30,892.1500244140625,892.1500244140625,886.2000122070312,887.1199951171875,883.9851684570312,13400
2017-10-31,887.030029296875,893.9199829101562,881.0599975585938,889.1500244140625,886.008056640625,23500
2017-11-01,891.0,903.260009765625,890.280029296875,895.9000244140625,892.7342529296875,36500
2017-11-02,895.010009765625,897.5,888.1099853515625,888.52001953125,885.3802490234375,21000
2017-11-03,890.530029296875,890.530029296875,883.489990234375,886.7999877929688,883.6663208007812,16300
2017-11-06,883.780029296875,889.5999755859375,875.4000244140625,881.969970703125,878.8533935546875,20600
2017-11-07,878.7100219726562,882.8699951171875,874.5,878.25,875.1465454101562,15200
2017-11-08,879.5999755859375,886.6699829101562,875.8300170898438,886.5499877929688,883.4171752929688,16900
2017-11-09,888.1300048828125,897.0,881.3499755859375,893.9000244140625,890.7413330078125,27200
2017-11-10,889.97998046875,896.8499755859375,885.6699829101562,887.8699951171875,884.7325439453125,13000
2017-11-13,885.4299926757812,889.9000244140625,881.02001953125,881.489990234375,878.3750610351562,15400
2017-11-14,884.7000122070312,885.760009765625,876.8800048828125,882.5700073242188,879.4512939453125,14300
2017-11-15,884.5399780273438,884.5399780273438,877.5700073242188,878.6900024414062,875.5849609375,13000
2017-11-16,879.1099853515625,879.1099853515625,866.4600219726562,873.0,869.9151000976562,16900
2017-11-17,870.2899780273438,874.6599731445312,864.8900146484375,870.969970703125,867.8922729492188,17400
2017-11-20,868.02001953125,879.7899780273438,865.0999755859375,878.0,874.8974609375,16000
2017-11-21,875.4299926757812,881.3499755859375,873.9000244140625,878.5,875.3956909179688,13800
2017-11-22,878.8099975585938,882.1699829101562,875.6500244140625,875.6500244140625,872.5557250976562,20000
2017-11-24,875.5,880.8499755859375,875.5,877.0,873.9009399414062,7300
2017-11-27,878.8900146484375,881.5499877929688,874.010009765625,880.6599731445312,877.5480346679688,10300
2017-11-28,880.3400268554688,886.0,880.0,886.0,882.869140625,19500
2017-11-29,881.77001953125,891.1500244140625,881.77001953125,889.7100219726562,886.5661010742188,14200
2017-11-30,887.3400268554688,896.989990234375,881.25,890.989990234375,887.8414916992188,36300
2017-12-01,891.8499755859375,891.8499755859375,884.1500244140625,887.1900024414062,884.0549926757812,23000
2017-12-04,892.5700073242188,892.5700073242188,882.239990234375,888.3900146484375,885.250732421875,23900
2017-12-05,887.1199951171875,887.1199951171875,875.0,875.0,871.9080200195312,19200
2017-12-06,874.3900146484375,876.7000122070312,871.5399780273438,874.0599975585938,870.9713745117188,23700
2017-12-07,874.5499877929688,874.5499877929688,868.27001953125,868.27001953125,865.2018432617188,14300
2017-12-08,869.9000244140625,873.780029296875,866.97998046875,868.2100219726562,865.14208984375,15200
2017-12-11,869.4500122070312,872.9000244140625,862.5,872.9000244140625,869.8154296875,10300
2017-12-12,872.0,876.52001953125,871.2000122070312,876.52001953125,873.4227294921875,9300
2017-12-13,875.260009765625,875.260009765625,864.8699951171875,865.1099853515625,862.052978515625,20100
2017-12-14,864.0499877929688,864.0499877929688,857.260009765625,860.75,857.7083740234375,16500
2017-12-15,861.6400146484375,868.0,860.0,861.6500244140625,858.605224609375,49800
2017-12-18,863.510009765625,865.3400268554688,858.25,861.0,857.9574584960938,21600
2017-12-19,861.4299926757812,861.4299926757812,849.0,850.7999877929688,847.7935791015625,41600
2017-12-20,852.27001953125,855.0,848.5800170898438,851.0700073242188,848.0626220703125,10300
2017-12-21,850.6500244140625,854.9000244140625,848.0,848.0,845.00341796875,19000
2017-12-22,847.3900146484375,853.0,845.0999755859375,846.0,843.0105590820312,13300
2017-12-26,844.9600219726562,847.97998046875,841.3300170898438,844.0,841.0176391601562,13400
2017-12-27,842.0999755859375,855.9600219726562,842.02001953125,846.2100219726562,843.2197265625,17600
2017-12-28,845.3200073242188,852.27001953125,843.77001953125,849.1799926757812,846.1792602539062,15300
2017-12-29,849.989990234375,854.989990234375,847.9099731445312,851.280029296875,848.2719116210938,6900
2018-01-02,852.469970703125,853.7000122070312,845.0,848.0499877929688,845.0532836914062,19700
2018-01-03,847.6599731445312,847.6599731445312,843.3499755859375,845.0,842.0140991210938,22000
2018-01-04,844.780029296875,858.0900268554688,844.780029296875,852.6099853515625,849.5971069335938,11300
2018-01-05,855.530029296875,857.5,852.4099731445312,853.1199951171875,850.1053466796875,8400
2018-01-08,850.9000244140625,852.760009765625,842.4199829101562,844.4500122070312,841.466064453125,16800
2018-01-09,842.1699829101562,847.4400024414062,841.0,841.0,838.0281982421875,22300
2018-01-10,838.219970703125,842.739990234375,835.7000122070312,840.6199951171875,837.6495361328125,25300
2018-01-11,838.7999877929688,844.989990234375,838.260009765625,838.260009765625,835.2979125976562,16600
2018-01-12,837.2000122070312,839.6199951171875,834.5,834.5,831.5511474609375,15300
2018-01-16,833.6300048828125,836.510009765625,832.010009765625,833.469970703125,830.5247802734375,22300
2018-01-17,833.1500244140625,848.0,833.1500244140625,845.9099731445312,842.9207763671875,13400
2018-01-18,845.1799926757812,845.1799926757812,835.4600219726562,843.3499755859375,840.369873046875,21100
2018-01-19,842.7999877929688,842.7999877929688,838.9400024414062,841.27001953125,838.2972412109375,9100
2018-01-22,841.2100219726562,853.27001953125,841.2100219726562,847.239990234375,844.2461547851562,16500
2018-01-23,847.7000122070312,848.77001953125,844.2999877929688,848.5900268554688,845.5914306640625,9800
2018-01-24,848.6500244140625,852.219970703125,842.6099853515625,849.719970703125,846.7173461914062,10500
2018-01-25,849.72998046875,851.0599975585938,840.0,851.0599975585938,848.0526123046875,14700
2018-01-26,850.4199829101562,854.989990234375,846.2000122070312,848.0,845.00341796875,16800
2018-01-29,846.7100219726562,851.5,842.3300170898438,846.6199951171875,843.6282958984375,21400
2018-01-30,844.9000244140625,853.489990234375,841.760009765625,843.8800048828125,840.8980102539062,22300
2018-01-31,844.3499755859375,848.97998046875,839.0999755859375,839.9000244140625,836.93212890625,18000
2018-02-01,840.0,845.97998046875,837.9500122070312,840.3599853515625,837.3904418945312,10100
2018-02-02,838.9500122070312,844.0499877929688,835.219970703125,836.6900024414062,833.7333984375,12600
2018-02-05,834.97998046875,835.4500122070312,811.0599975585938,811.0599975585938,808.1939697265625,15800
2018-02-06,805.010009765625,817.7899780273438,793.0,813.739990234375,810.864501953125,32700
2018-02-07,812.7000122070312,826.0800170898438,809.2000122070312,809.2000122070312,806.3405151367188,32200
2018-02-08,808.0,813.7000122070312,787.9600219726562,789.0499877929688,786.2617797851562,20800
2018-02-09,791.0,808.97998046875,786.22998046875,803.010009765625,800.1724243164062,33300
2018-02-12,807.22998046875,825.989990234375,799.3699951171875,814.72998046875,811.8510131835938,46900
2018-02-13,810.0999755859375,824.1799926757812,801.010009765625,804.5800170898438,801.7368774414062,61300
2018-02-14,803.3499755859375,818.9000244140625,802.0,813.4400024414062,810.5656127929688,19100
2018-02-15,817.9000244140625,826.0399780273438,808.5,811.1199951171875,808.2537841796875,23200
2018-02-16,812.75,824.6900024414062,806.0,822.0,819.0952758789062,16100
2018-02-20,818.739990234375,818.739990234375,811.239990234375,811.2999877929688,808.43310546875,14000
2018-02-21,808.5499877929688,821.489990234375,808.5499877929688,810.1099853515625,807.247314453125,15400
2018-02-22,809.6900024414062,818.8900146484375,806.02001953125,806.2000122070312,803.3511352539062,15700
2018-02-23,809.5499877929688,815.0,801.9500122070312,809.52001953125,806.659423828125,25900
2018-02-26,811.6500244140625,818.75,805.030029296875,809.7000122070312,806.8387451171875,15400
2018-02-27,809.4500122070312,813.969970703125,803.7999877929688,803.7999877929688,800.9596557617188,38300
2018-02-28,804.1799926757812,815.2100219726562,804.1799926757812,806.8499755859375,803.9988403320312,15400
2018-03-01,805.6199951171875,813.5999755859375,798.0,810.3200073242188,807.4566040039062,25100
2018-03-02,807.3300170898438,820.0,804.6300048828125,811.2999877929688,808.43310546875,31500
2018-03-05,808.239990234375,824.8699951171875,808.239990234375,822.8200073242188,819.9124755859375,20100
2018-03-06,822.47998046875,823.8200073242188,816.3599853515625,822.9299926757812,820.0220947265625,16000
2018-03-07,818.3300170898438,835.3699951171875,818.3300170898438,834.5,831.5511474609375,28500
2018-03-08,836.5,836.5,825.8800048828125,828.2999877929688,825.373046875,14900
2018-03-09,828.6599731445312,834.6900024414062,825.0,834.6900024414062,831.740478515625,14700
2018-03-12,834.3300170898438,835.2000122070312,824.0999755859375,831.1799926757812,828.2428588867188,16900
2018-03-13,832.4199829101562,839.0,821.77001953125,829.22998046875,826.2997436523438,26100
2018-03-14,828.989990234375,829.989990234375,815.0599975585938,815.22998046875,812.3492431640625,13400
2018-03-15,816.0999755859375,820.6500244140625,811.9000244140625,814.1199951171875,811.2431640625,43000
2018-03-16,814.2899780273438,822.4299926757812,810.2000122070312,816.0700073242188,814.1864013671875,51800
2018-03-19,814.5700073242188,817.2000122070312,808.52001953125,810.1699829101562,808.2999877929688,55200
2018-03-20,809.2999877929688,815.6199951171875,809.2899780273438,810.5800170898438,808.7090454101562,25200
2018-03-21,811.719970703125,818.8800048828125,802.2000122070312,813.780029296875,811.9016723632812,31500
2018-03-22,810.760009765625,823.969970703125,807.0499877929688,808.9000244140625,807.0328979492188,40100
2018-03-23,810.760009765625,813.8699951171875,800.25,802.3300170898438,800.4780883789062,24600
2018-03-26,809.4199829101562,817.989990234375,804.9600219726562,817.0599975585938,815.174072265625,39100
2018-03-27,818.5399780273438,822.0900268554688,815.0,815.0,813.1188354492188,43100
2018-03-28,815.9400024414062,821.0,809.8900146484375,820.2999877929688,818.4065551757812,28300
2018-03-29,817.75,822.52001953125,812.3499755859375,822.52001953125,820.6215209960938,29200
2018-04-02,819.4500122070312,821.0,805.2999877929688,817.6500244140625,815.7627563476562,41200
2018-04-03,817.530029296875,820.780029296875,808.2999877929688,816.1500244140625,814.2661743164062,31800
2018-04-04,809.47998046875,824.7999877929688,807.27001953125,818.8400268554688,816.949951171875,32700
2018-04-05,822.239990234375,827.97998046875,815.8099975585938,817.6900024414062,815.8026123046875,26200
2018-04-06,816.5800170898438,821.0900268554688,805.489990234375,810.97998046875,809.1080932617188,30700
2018-04-09,816.0,816.0,804.4000244140625,806.1699829101562,804.3092041015625,37200
2018-04-10,847.0800170898438,862.010009765625,840.0,857.8800048828125,855.89990234375,94900
2018-04-11,859.22998046875,866.0,857.5999755859375,859.3099975585938,857.3265380859375,87900
2018-04-12,865.5,865.5,858.4600219726562,858.9000244140625,856.9175415039062,44900
2018-04-13,862.4400024414062,862.4400024414062,853.030029296875,856.0,854.024169921875,54200
2018-04-16,859.7999877929688,862.989990234375,854.3900146484375,857.0,855.0218505859375,50300
2018-04-17,859.72998046875,865.5,859.0,861.2000122070312,859.2122192382812,56400
2018-04-18,863.8800048828125,869.0,858.969970703125,864.1099853515625,862.115478515625,57800
2018-04-19,864.989990234375,866.219970703125,858.4500122070312,860.72998046875,858.7432861328125,58000
2018-04-20,863.1599731445312,865.8699951171875,856.1300048828125,861.2899780273438,859.302001953125,56300
2018-04-23,861.4199829101562,865.1599731445312,860.75,863.9400024414062,861.9458618164062,29500
2018-04-24,864.9500122070312,866.0700073242188,862.25,863.02001953125,861.0280151367188,40800
2018-04-25,864.239990234375,868.0,863.0,867.1400146484375,865.1384887695312,44800
2018-04-26,866.0700073242188,867.8400268554688,865.0,866.4000244140625,864.4002075195312,28600
2018-04-27,867.5499877929688,868.0399780273438,864.510009765625,867.1699829101562,865.1683959960938,45800
2018-04-30,867.5,867.760009765625,863.22998046875,865.2899780273438,863.292724609375,40600
2018-05-01,865.2999877929688,869.3300170898438,864.0499877929688,867.530029296875,865.5276489257812,65500
2018-05-02,866.280029296875,868.5,864.5,867.0,864.998779296875,100300
2018-05-03,864.2899780273438,869.219970703125,864.0,867.5,865.4976196289062,67900
2018-05-04,866.27001953125,869.989990234375,858.22998046875,860.1500244140625,858.1646118164062,116500
2018-05-07,859.260009765625,868.6099853515625,858.0,864.0,862.0057373046875,122900
2018-05-08,867.5,881.0,867.5,874.0,871.982666015625,84200
2018-05-09,872.1799926757812,879.6599731445312,869.47998046875,876.0,873.97802734375,38000
2018-05-10,875.0,878.7899780273438,872.1799926757812,877.5,875.4745483398438,29300
2018-05-11,877.6400146484375,885.760009765625,876.2899780273438,885.0,882.957275390625,30200
2018-05-14,885.0,899.1300048828125,885.0,892.75,890.6893920898438,56300
2018-05-15,891.9000244140625,894.989990234375,887.719970703125,892.3499755859375,890.290283203125,43600
2018-05-16,891.8599853515625,891.8599853515625,881.97998046875,884.8200073242188,882.7776489257812,62000
2018-05-17,882.52001953125,886.719970703125,875.0,882.3599853515625,880.3233642578125,52100
2018-05-18,884.0999755859375,886.0,879.0999755859375,881.5,879.46533203125,54600
2018-05-21,883.2000122070312,893.4400024414062,880.530029296875,890.780029296875,888.7239379882812,40100
2018-05-22,890.75,897.5999755859375,889.1199951171875,894.989990234375,892.9241943359375,25900
2018-05-23,891.97998046875,897.8599853515625,891.0399780273438,896.4500122070312,894.380859375,32500
2018-05-24,897.780029296875,904.739990234375,892.47998046875,904.0999755859376,902.0131225585938,31600
2018-05-25,904.1099853515624,909.4500122070312,902.0599975585938,906.97998046875,904.8865356445312,29200
2018-05-29,902.5,908.510009765625,899.0,904.739990234375,902.6517333984376,36200
2018-05-30,906.1500244140624,914.3499755859376,905.8200073242188,908.8699951171876,906.7721557617188,34100
2018-05-31,906.010009765625,909.3200073242188,900.239990234375,902.0800170898438,899.9978637695312,23700
2018-06-01,906.989990234375,910.5800170898438,903.3699951171876,904.4000244140624,902.3125,17200
2018-06-04,907.0,908.1799926757812,899.2000122070312,902.2899780273438,900.2073364257812,27500
2018-06-05,901.7000122070312,903.6199951171876,893.8800048828125,902.3300170898438,900.247314453125,27000
2018-06-06,902.3400268554688,910.6799926757812,902.3400268554688,908.6799926757812,906.5826416015624,17500
2018-06-07,906.969970703125,913.010009765625,906.0,909.9000244140624,907.7998046875,19400
2018-06-08,908.1900024414062,920.2100219726562,908.1900024414062,913.9299926757812,911.8204956054688,22700
2018-06-11,912.1099853515624,915.739990234375,901.0599975585938,903.2000122070312,901.115234375,42500
2018-06-12,903.7000122070312,907.7000122070312,896.9099731445312,906.0,903.9087524414062,53900
2018-06-13,905.0499877929688,914.02001953125,901.2999877929688,909.1099853515624,907.0115966796876,45300
2018-06-14,910.0999755859376,911.5700073242188,904.7999877929688,910.0,907.8995361328124,31300
2018-06-15,907.1900024414062,912.6599731445312,901.3400268554688,908.1199951171876,906.02392578125,29900
2018-06-18,905.3800048828124,919.5900268554688,905.0,916.47998046875,914.3646240234376,44900
2018-06-19,913.52001953125,933.7000122070312,913.52001953125,925.5700073242188,923.4336547851562,44500
2018-06-20,926.2999877929688,926.2999877929688,914.9199829101562,918.0,915.881103515625,21300
2018-06-21,917.7899780273438,917.7999877929688,897.3499755859375,901.1099853515624,899.030029296875,49700
2018-06-22,903.3400268554688,917.0,896.4500122070312,915.219970703125,913.1074829101562,60800
2018-06-25,912.52001953125,913.0499877929688,903.0700073242188,908.4099731445312,906.3131713867188,21000
2018-06-26,909.9299926757812,913.4000244140624,905.72998046875,911.47998046875,909.3761596679688,19200
2018-06-27,911.47998046875,916.5499877929688,894.0,896.25,894.1813354492188,20300
2018-06-28,895.5,904.5599975585938,892.0599975585938,900.97998046875,898.900390625,27100
2018-06-29,901.22998046875,914.9000244140624,900.97998046875,906.6099853515624,904.517333984375,39500
2018-07-02,904.1199951171876,905.3499755859376,900.489990234375,905.3499755859376,903.26025390625,14300
2018-07-03,908.219970703125,908.219970703125,902.719970703125,902.719970703125,900.6363525390625,5000
2018-07-05,907.0700073242188,907.0700073242188,895.010009765625,905.2100219726562,903.12060546875,12800
2018-07-06,905.780029296875,909.6300048828124,902.2000122070312,909.6300048828124,907.5304565429688,10100
2018-07-09,909.5999755859376,917.0,906.0,911.5499877929688,909.4459838867188,20800
2018-07-10,909.989990234375,918.719970703125,908.010009765625,911.22998046875,909.126708984375,10900
2018-07-11,907.6099853515624,913.239990234375,904.9400024414062,910.2999877929688,908.1988525390624,25300
2018-07-12,909.8300170898438,912.8900146484376,904.3900146484376,912.0,909.8949584960938,10400
2018-07-13,911.4000244140624,914.7999877929688,910.0700073242188,910.3699951171876,908.2687377929688,8800
2018-07-16,910.1300048828124,914.2999877929688,907.0,910.0499877929688,907.9494018554688,9600
2018-07-17,908.0,913.489990234375,904.0,908.8099975585938,906.7122802734376,10600
2018-07-18,909.7999877929688,913.0399780273438,905.760009765625,909.5800170898438,907.4805908203124,12200
2018-07-19,908.5599975585938,909.1199951171876,905.1900024414062,907.469970703125,905.3753662109376,10600
2018-07-20,908.47998046875,916.510009765625,908.4299926757812,910.6699829101562,908.5679931640624,8800
2018-07-23,911.1500244140624,915.5999755859376,909.2100219726562,909.2100219726562,907.1113891601562,10600
2018-07-24,910.9400024414062,911.8699951171876,904.1400146484376,908.02001953125,905.9241333007812,13000
2018-07-25,905.1199951171876,912.7000122070312,900.0399780273438,910.010009765625,907.9095458984376,12000
2018-07-26,910.0399780273438,916.5,910.0399780273438,911.239990234375,909.13671875,10900
2018-07-27,909.489990234375,909.489990234375,907.52001953125,907.5700073242188,905.4751586914062,4200
2018-07-30,909.6900024414062,912.5700073242188,903.3900146484376,906.0599975585938,903.9686279296876,9300
2018-07-31,908.469970703125,913.97998046875,906.989990234375,913.030029296875,910.922607421875,11300
2018-08-01,913.3400268554688,924.1300048828124,906.7100219726562,922.97998046875,920.8495483398438,13700
2018-08-02,919.02001953125,937.010009765625,919.02001953125,929.6199951171876,927.4743041992188,19900
2018-08-03,930.3099975585938,939.0900268554688,928.0,936.9000244140624,934.7374877929688,10600
2018-08-06,940.489990234375,942.75,931.75,934.5700073242188,932.412841796875,26300
2018-08-07,935.4400024414062,945.2899780273438,935.4400024414062,937.8300170898438,935.6653442382812,10800
2018-08-08,937.4299926757812,944.989990234375,935.1500244140624,937.1500244140624,934.9869384765624,24700
2018-08-09,935.02001953125,946.52001953125,935.02001953125,941.2000122070312,939.027587890625,8100
2018-08-10,937.010009765625,942.0,932.0800170898438,940.9299926757812,938.7581787109376,15700
2018-08-13,939.0599975585938,940.030029296875,932.3300170898438,939.3400268554688,937.171875,15800
2018-08-14,938.3099975585938,941.0,933.4500122070312,938.25,936.0843505859376,14900
2018-08-15,934.0,940.0,931.2000122070312,935.8499755859376,933.6898803710938,19400
2018-08-16,934.2999877929688,944.9400024414062,933.0999755859376,940.8800048828124,938.7083129882812,9200
2018-08-17,942.5900268554688,943.8499755859376,929.1199951171876,929.9400024414062,927.7935180664062,39600
2018-08-20,929.02001953125,936.6500244140624,927.9600219726562,931.5999755859376,929.44970703125,16900
2018-08-21,931.9000244140624,934.1500244140624,930.3099975585938,930.5700073242188,928.422119140625,14500
2018-08-22,930.3699951171876,932.5,926.1199951171876,926.1199951171876,923.9823608398438,10200
2018-08-23,925.9099731445312,927.5,920.0499877929688,924.219970703125,922.0867309570312,13800
2018-08-24,923.030029296875,929.8900146484376,923.030029296875,929.8699951171876,927.7236938476562,7500
2018-08-27,930.489990234375,930.489990234375,919.5800170898438,921.1500244140624,919.0238647460938,6900
2018-08-28,925.75,927.8699951171876,919.4500122070312,920.1099853515624,917.9862060546876,11000
2018-08-29,919.4099731445312,922.4600219726562,914.8599853515624,918.510009765625,916.3899536132812,9100
2018-08-30,917.6500244140624,929.780029296875,917.6500244140624,924.1799926757812,922.0468139648438,8900
2018-08-31,923.9600219726562,930.4099731445312,915.5499877929688,927.9500122070312,925.8081665039062,12400
2018-09-04,921.2000122070312,927.52001953125,918.489990234375,922.1699829101562,920.04150390625,9200
2018-09-05,926.739990234375,927.75,917.219970703125,917.52001953125,915.4022216796876,7600
2018-09-06,917.489990234375,924.9099731445312,917.489990234375,922.7899780273438,920.6599731445312,4500
2018-09-07,921.0399780273438,929.0599975585938,921.0399780273438,928.4099731445312,926.2670288085938,5300
2018-09-10,927.5,937.4000244140624,926.9099731445312,930.6699829101562,928.5218505859376,7700
2018-09-11,928.4500122070312,945.0999755859376,928.4500122070312,934.9099731445312,932.7520751953124,11400
2018-09-12,935.0,935.0,927.5999755859376,932.9400024414062,930.78662109375,12500
2018-09-13,933.5,944.010009765625,933.5,941.1199951171876,938.9476928710938,13700
2018-09-14,942.0,980.8900146484376,942.0,979.010009765625,976.7503051757812,16400
2018-09-17,980.6099853515624,980.6099853515624,957.010009765625,960.0800170898438,957.864013671875,25900
2018-09-18,960.22998046875,962.989990234375,953.9500122070312,958.3699951171876,956.1578979492188,21000
2018-09-19,956.0,962.0,953.0,956.7899780273438,954.58154296875,29300
2018-09-20,958.280029296875,962.739990234375,957.6199951171876,962.739990234375,960.517822265625,18500
2018-09-21,964.1500244140624,965.0,946.2000122070312,948.0900268554688,945.9016723632812,34600
2018-09-24,949.8499755859376,956.969970703125,945.0,951.9099731445312,949.7127685546876,15100
2018-09-25,945.030029296875,951.5,939.7999877929688,942.1599731445312,939.9852905273438,10000
2018-09-26,941.2999877929688,942.0599975585938,931.5599975585938,932.3099975585938,930.1580810546876,9400
2018-09-27,930.0,936.3900146484376,926.5999755859376,927.1500244140624,925.010009765625,17800
2018-09-28,925.6900024414062,941.5999755859376,925.6900024414062,935.8699951171876,933.7098388671876,20500
2018-10-01,939.1500244140624,942.0,927.9400024414062,933.1300048828124,930.9761352539062,14100
2018-10-02,926.1099853515624,931.969970703125,923.489990234375,930.6099853515624,928.4619750976562,14200
2018-10-03,931.8699951171876,937.5,924.6400146484376,928.75,926.6062622070312,15800
2018-10-04,923.7000122070312,927.280029296875,918.1300048828124,923.0,920.8695678710938,3900
2018-10-05,922.3400268554688,922.3400268554688,916.8499755859376,919.5499877929688,917.427490234375,2500
2018-10-08,917.0,919.97998046875,912.7999877929688,919.97998046875,917.8565063476562,4300
2018-10-09,919.1300048828124,920.7999877929688,913.4299926757812,916.0,913.8856811523438,6100
2018-10-10,914.3900146484376,917.280029296875,902.3300170898438,902.3300170898438,900.247314453125,8500
2018-10-11,900.6699829101562,908.0,882.5700073242188,882.5700073242188,880.5328979492188,9600
2018-10-12,886.1900024414062,886.1900024414062,856.5,869.5999755859375,867.5927734375,19200
2018-10-15,864.6500244140625,866.0,862.2100219726562,864.1699829101562,862.1753540039062,12000
2018-10-16,864.1599731445312,874.0499877929688,861.02001953125,873.4299926757812,871.4139404296875,14800
2018-10-17,869.9400024414062,884.97998046875,858.0,881.52001953125,879.4853515625,16600
2018-10-18,879.0,880.0,874.9500122070312,874.9500122070312,872.9304809570312,10100
2018-10-19,876.9400024414062,883.25,868.5,883.25,881.2113037109375,13400
2018-10-22,885.0,891.7899780273438,880.0,883.9500122070312,881.9097290039062,16500
2018-10-23,875.4000244140625,885.0,875.4000244140625,877.5,875.4745483398438,11900
2018-10-24,877.8400268554688,877.8400268554688,869.8099975585938,869.8099975585938,867.8023071289062,8400
2018-10-25,874.0999755859375,886.719970703125,868.4000244140625,875.7999877929688,873.7785034179688,12000
2018-10-26,873.9099731445312,878.1099853515625,866.75,874.780029296875,872.7608642578125,5700
2018-10-29,874.2999877929688,880.0,868.219970703125,876.3900146484375,874.3671264648438,16100
2018-10-30,876.02001953125,882.8800048828125,870.9299926757812,878.6199951171875,876.592041015625,7500
2018-10-31,875.4000244140625,894.5,875.4000244140625,886.6699829101562,884.6233520507812,12900
2018-11-01,882.5,890.1500244140625,874.1699829101562,877.1900024414062,875.165283203125,27600
2018-11-02,881.010009765625,882.0,874.0,876.1199951171875,874.0977783203125,12400
2018-11-05,877.5,890.0,877.5,882.0700073242188,880.0340576171875,9700
2018-11-06,878.1199951171875,889.6599731445312,878.1199951171875,885.0999755859375,883.0570068359375,15500
2018-11-07,887.9400024414062,893.4299926757812,883.8400268554688,887.1699829101562,885.1221923828125,18700
2018-11-08,884.4000244140625,903.0,884.4000244140625,897.260009765625,895.18896484375,9400
2018-11-09,898.0,904.5399780273438,883.5399780273438,883.5399780273438,881.5006103515625,10200
2018-11-12,882.25,883.1300048828125,876.0,878.7899780273438,876.7615966796875,9600
2018-11-13,879.5499877929688,887.5499877929688,879.0,883.030029296875,880.9918212890625,7100
2018-11-14,887.280029296875,893.5,882.0,885.2899780273438,883.24658203125,14300
2018-11-15,883.6199951171875,900.0,883.6199951171875,897.5700073242188,895.4982299804688,11900
2018-11-16,897.8200073242188,899.75,896.0900268554688,898.47998046875,896.4061279296875,6400
2018-11-19,898.489990234375,910.0,898.489990234375,906.5700073242188,904.4774780273438,18600
2018-11-20,904.5499877929688,919.8499755859376,901.9500122070312,912.469970703125,910.3638305664062,12900
2018-11-21,911.239990234375,924.9000244140624,905.1099853515624,909.5800170898438,907.4805908203124,11100
2018-11-23,907.239990234375,907.239990234375,900.0,900.0,897.9226684570312,3900
2018-11-26,903.0,907.739990234375,903.0,904.6199951171876,902.531982421875,11700
2018-11-27,903.5399780273438,908.0800170898438,897.1900024414062,905.0,902.9110717773438,8500
2018-11-28,907.6400146484376,914.1300048828124,907.6400146484376,913.719970703125,911.6109619140624,8000
2018-11-29,912.6799926757812,919.97998046875,912.6799926757812,917.75,915.6316528320312,5100
2018-11-30,913.5599975585938,929.6900024414062,913.5599975585938,928.75,926.6062622070312,12100
2018-12-03,933.0,933.5,911.0,931.3900146484376,929.2401733398438,14000
2018-12-04,928.5499877929688,942.3499755859376,926.7000122070312,929.9099731445312,927.7636108398438,15400
2018-12-06,921.0,930.0,912.0,924.0,921.8672485351562,24100
2018-12-07,928.4500122070312,934.1300048828124,919.9400024414062,924.3800048828124,922.246337890625,22600
2018-12-10,926.0,929.489990234375,921.1099853515624,922.739990234375,920.610107421875,31700
2018-12-11,925.0,928.7000122070312,916.0,916.0,913.8856811523438,14800
2018-12-12,919.9000244140624,920.010009765625,907.5999755859376,911.8900146484376,909.78515625,11200
2018-12-13,906.3800048828124,909.219970703125,895.0,897.9000244140625,895.8275146484375,10300
2018-12-14,895.0599975585938,902.2999877929688,892.469970703125,894.72998046875,892.664794921875,15800
2018-12-17,892.989990234375,898.5900268554688,881.8099975585938,881.8099975585938,879.774658203125,17700
2018-12-18,886.0999755859375,886.0999755859375,864.8499755859375,867.5399780273438,865.5375366210938,18100
2018-12-19,868.7999877929688,875.8099975585938,855.0,855.0,853.0264892578125,18700
2018-12-20,856.0,858.2100219726562,839.010009765625,842.8599853515625,840.91455078125,15900
2018-12-21,855.4000244140625,859.510009765625,846.1300048828125,846.52001953125,844.5661010742188,20900
2018-12-24,843.4500122070312,843.4500122070312,832.8800048828125,834.1300048828125,832.2046508789062,11500
2018-12-26,836.0499877929688,852.0,833.97998046875,845.3499755859375,843.3988037109375,23000
2018-12-27,840.239990234375,859.6599731445312,840.239990234375,856.6699829101562,854.692626953125,17600
2018-12-28,855.1199951171875,864.260009765625,847.760009765625,854.1300048828125,852.1585083007812,10600
2018-12-31,858.02001953125,865.3200073242188,850.0,857.6900024414062,855.7103271484375,10800
2019-01-02,853.0,856.3900146484375,851.5,855.0,853.0264892578125,11900
2019-01-03,853.1400146484375,859.3800048828125,850.75,850.75,848.786376953125,10500
2019-01-04,854.5499877929688,860.6900024414062,852.3099975585938,854.4299926757812,852.4578247070312,12100
2019-01-07,852.3099975585938,858.0,852.3099975585938,856.9099731445312,854.9320678710938,16300
2019-01-08,858.9500122070312,877.5599975585938,858.510009765625,877.5599975585938,875.534423828125,22400
2019-01-09,878.4400024414062,886.0,871.5,878.8800048828125,876.8513793945312,25800
2019-01-10,875.8300170898438,880.3499755859375,866.8699951171875,875.0,872.9803466796875,14700
2019-01-11,873.3400268554688,883.2000122070312,872.0,881.0599975585938,879.0263671875,14200
2019-01-14,879.2999877929688,889.2899780273438,879.2999877929688,889.2899780273438,887.2373657226562,15900
2019-01-15,892.010009765625,892.6900024414062,873.4000244140625,886.1599731445312,884.1145629882812,10800
2019-01-16,884.0,888.22998046875,880.5999755859375,888.22998046875,886.1798095703125,10100
2019-01-17,884.0,888.3099975585938,878.5,880.72998046875,878.6970825195312,16000
2019-01-18,884.010009765625,894.8499755859375,884.0,892.0,889.9411010742188,15800
2019-01-22,890.3200073242188,892.1500244140625,880.0,884.760009765625,882.7178344726562,6700
2019-01-23,882.260009765625,894.0,882.260009765625,893.6099853515625,891.54736328125,13900
2019-01-24,892.0,899.0,889.9099731445312,892.1599731445312,890.1007690429688,6900
2019-01-25,892.0700073242188,900.0,890.0,896.5700073242188,894.5005493164062,10500
2019-01-28,890.9600219726562,899.0,889.25,899.0,896.9249877929688,5600
2019-01-29,895.6799926757812,900.469970703125,889.4199829101562,889.4199829101562,887.3670043945312,10100
2019-01-30,891.0,897.1199951171875,887.75,889.4000244140625,887.34716796875,16200
2019-01-31,888.1199951171875,893.6400146484375,885.1099853515625,893.5800170898438,891.5174560546875,13500
2019-02-01,892.9000244140625,895.0,885.0700073242188,895.0,892.9342041015625,10200
2019-02-04,895.9400024414062,900.8499755859376,890.3099975585938,900.8499755859376,898.7706909179688,9700
2019-02-05,900.6300048828125,901.7899780273438,888.9299926757812,893.6799926757812,891.6172485351562,16500
2019-02-06,889.9600219726562,897.9500122070312,886.5,893.3499755859375,891.2879638671875,16500
2019-02-07,890.0,910.0,889.4400024414062,903.3599853515624,901.2748413085938,16600
2019-02-08,903.0999755859376,910.8400268554688,903.0999755859376,906.2000122070312,904.1083374023438,8300
2019-02-11,903.25,924.989990234375,903.25,923.0499877929688,920.91943359375,15300
2019-02-12,925.9600219726562,929.0,915.3400268554688,915.3400268554688,913.2272338867188,16300
2019-02-13,915.3300170898438,917.489990234375,901.0,903.510009765625,901.424560546875,11000
2019-02-14,900.0,902.0,898.5,900.4600219726562,898.381591796875,13600
2019-02-15,903.0,911.4000244140624,903.0,906.0,903.9087524414062,14800
2019-02-19,902.4099731445312,908.1199951171876,900.5800170898438,904.8300170898438,902.7415161132812,5400
2019-02-20,909.6500244140624,913.489990234375,907.0,911.8900146484376,909.78515625,7800
2019-02-21,911.4000244140624,914.5499877929688,911.0,914.0,911.8903198242188,6900
2019-02-22,914.0399780273438,923.8900146484376,914.0399780273438,921.0700073242188,918.9440307617188,7800
2019-02-25,927.0,929.0399780273438,924.6599731445312,924.6599731445312,922.5256958007812,5600
2019-02-26,918.9000244140624,926.010009765625,918.9000244140624,924.4199829101562,922.2862548828124,8200
2019-02-27,922.239990234375,940.7899780273438,922.239990234375,934.7000122070312,932.5426025390624,13500
2019-02-28,933.2899780273438,942.7999877929688,933.2899780273438,939.3900146484376,937.2217407226562,12300
2019-03-01,942.7999877929688,944.6300048828124,937.9500122070312,937.9500122070312,935.7850952148438,11000
2019-03-04,945.4099731445312,947.1900024414062,940.5800170898438,945.0,942.8187866210938,12300
2019-03-05,947.0,955.0,945.8699951171876,953.989990234375,951.7880249023438,10600
2019-03-06,953.4000244140624,961.489990234375,953.4000244140624,954.47998046875,952.2769165039062,9700
2019-03-07,953.010009765625,953.010009765625,937.6799926757812,937.6799926757812,935.515625,11400
2019-03-08,933.72998046875,934.5999755859376,920.0,920.0,917.87646484375,7500
2019-03-11,920.1199951171876,921.489990234375,906.1599731445312,908.4000244140624,906.3032836914062,11400
2019-03-12,908.0,908.1400146484376,903.5,908.1400146484376,906.0438842773438,12800
2019-03-13,907.9400024414062,913.989990234375,904.0999755859376,912.9299926757812,910.8228149414062,11100
2019-03-14,912.239990234375,920.6099853515624,912.239990234375,919.47998046875,917.357666015625,12100
2019-03-15,919.5900268554688,922.0,917.0,919.0,917.8770141601562,18600
2019-03-18,922.010009765625,926.0900268554688,921.0,926.0900268554688,924.9583740234376,10700
2019-03-19,925.2100219726562,929.760009765625,919.75,925.1099853515624,923.9795532226562,15900
2019-03-20,922.0,925.02001953125,908.6300048828124,914.0,912.8831176757812,8200
2019-03-21,914.0,921.72998046875,914.0,917.7000122070312,916.57861328125,7000
2019-03-22,914.0,930.2899780273438,914.0,926.030029296875,924.8984375,8000
2019-03-25,925.760009765625,928.3099975585938,915.219970703125,918.6300048828124,917.5075073242188,13100
2019-03-26,913.1400146484376,922.1500244140624,912.739990234375,921.72998046875,920.6036376953124,8200
2019-03-27,922.6599731445312,926.9500122070312,917.5599975585938,924.260009765625,923.130615234375,10100
2019-03-28,926.1099853515624,927.3099975585938,916.8699951171876,924.7000122070312,923.570068359375,19900
2019-03-29,927.5,930.260009765625,923.510009765625,925.47998046875,924.3490600585938,14900
2019-04-01,924.1500244140624,929.239990234375,923.0700073242188,925.0,923.8696899414062,9800
2019-04-02,925.0,925.0800170898438,918.5999755859376,924.280029296875,923.1505737304688,14900
2019-04-03,933.5,933.5,923.7000122070312,924.0700073242188,922.9408569335938,7300
2019-04-04,923.6500244140624,929.1799926757812,914.0,917.9099731445312,916.788330078125,9400
2019-04-05,919.010009765625,923.6500244140624,917.0900268554688,917.0900268554688,915.9693603515624,7900
2019-04-08,920.219970703125,923.6699829101562,913.0,921.2999877929688,920.1741943359376,10900
2019-04-09,920.97998046875,920.97998046875,912.5,913.4000244140624,912.2838745117188,8000
2019-04-10,914.989990234375,915.9099731445312,909.9099731445312,911.8599853515624,910.7457275390624,11100
2019-04-11,913.6500244140624,913.9199829101562,911.1400146484376,912.9199829101562,911.804443359375,4100
2019-04-12,916.9500122070312,916.9500122070312,907.9500122070312,912.6500244140624,911.5347900390624,8000
2019-04-15,908.5999755859376,914.4500122070312,906.6199951171876,912.2999877929688,911.1851806640624,5000
2019-04-16,912.9000244140624,916.469970703125,911.4600219726562,912.3200073242188,911.2052001953124,4500
2019-04-17,913.1500244140624,917.7999877929688,909.5599975585938,912.5,911.3849487304688,6600
2019-04-18,913.2999877929688,919.3300170898438,913.2999877929688,913.4400024414062,912.3237915039062,4600
2019-04-22,914.2999877929688,914.7999877929688,906.219970703125,911.0900268554688,909.9767456054688,7800
2019-04-23,910.1099853515624,925.6199951171876,910.1099853515624,925.5800170898438,924.448974609375,10600
2019-04-24,925.239990234375,936.0,925.239990234375,930.4500122070312,929.3130493164062,10800
2019-04-25,928.4000244140624,940.8400268554688,926.4500122070312,927.0800170898438,925.9471435546876,14000
2019-04-26,924.4400024414062,954.22998046875,924.4400024414062,943.530029296875,942.3770751953124,16200
2019-04-29,942.7100219726562,947.2100219726562,937.9500122070312,937.9500122070312,936.8038940429688,10100
2019-04-30,942.989990234375,946.8699951171876,939.0399780273438,939.0399780273438,937.8925170898438,11900
2019-05-01,940.4000244140624,948.4299926757812,920.9500122070312,920.9500122070312,919.8246459960938,12700
2019-05-02,920.030029296875,924.4000244140624,918.2999877929688,924.0399780273438,922.9108276367188,7400
2019-05-03,924.1500244140624,943.6300048828124,923.010009765625,941.0900268554688,939.9400634765624,10500
2019-05-06,935.0,935.0,925.5,931.0,929.8623657226562,24600
2019-05-07,930.0,937.5499877929688,930.0,932.6300048828124,931.4903564453124,14700
2019-05-08,932.77001953125,961.1699829101562,932.6300048828124,955.8699951171876,954.7019653320312,14800
2019-05-09,954.780029296875,993.7000122070312,954.780029296875,975.989990234375,974.79736328125,39700
2019-05-10,975.0900268554688,979.4099731445312,961.6400146484376,966.7999877929688,965.6185913085938,8600
2019-05-13,959.3400268554688,962.1599731445312,942.010009765625,946.5900268554688,945.433349609375,11100
2019-05-14,947.8300170898438,947.8300170898438,937.1400146484376,944.4299926757812,943.2759399414062,13200
2019-05-15,946.1900024414062,949.6400146484376,939.0,949.5700073242188,948.40966796875,11600
2019-05-16,952.8499755859376,984.5900268554688,949.7899780273438,973.3099975585938,972.1206665039062,28600
2019-05-17,968.6400146484376,980.22998046875,967.780029296875,969.6500244140624,968.4651489257812,13800
2019-05-20,965.5499877929688,975.3699951171876,950.5,958.9400024414062,957.7682495117188,12400
2019-05-21,960.2100219726562,969.0,956.0999755859376,962.239990234375,961.0641479492188,11200
2019-05-22,961.52001953125,984.6699829101562,958.0999755859376,975.1400146484376,973.9484252929688,12000
2019-05-23,969.9299926757812,982.239990234375,965.6699829101562,969.0,967.81591796875,14800
2019-05-24,969.72998046875,969.72998046875,959.1199951171876,968.1400146484376,966.9569702148438,3600
2019-05-28,974.489990234375,984.52001953125,974.489990234375,976.6199951171876,975.4266357421876,6000
2019-05-29,976.0,980.5,966.6599731445312,974.2000122070312,973.0095825195312,11600
2019-05-30,981.0,982.0,966.1599731445312,966.6900024414062,965.5087280273438,11400
2019-05-31,967.02001953125,979.7000122070312,961.1500244140624,979.5999755859376,978.4029541015624,11600
2019-06-03,978.97998046875,983.989990234375,973.0999755859376,983.989990234375,982.78759765625,17900
2019-06-04,986.010009765625,987.9600219726562,972.5,983.1400146484376,981.9386596679688,18000
2019-06-05,985.97998046875,996.2999877929688,980.0,992.5499877929688,991.337158203125,16900
2019-06-06,994.8599853515624,998.0,981.989990234375,986.2000122070312,984.9949340820312,15400
2019-06-07,989.0700073242188,991.97998046875,984.0,991.6500244140624,990.4382934570312,8800
2019-06-10,993.9600219726562,1008.489990234375,989.7999877929688,1002.6500244140624,1001.4248046875,15500
2019-06-11,1006.5,1006.5,987.5999755859376,993.4000244140624,992.1861572265624,13300
2019-06-12,994.1500244140624,1018.0499877929688,994.1500244140624,1012.3200073242188,1011.0830078125,16100
2019-06-13,1021.1400146484376,1027.06005859375,1006.2000122070312,1008.969970703125,1007.737060546875,11500
2019-06-14,1012.0,1024.5,1009.6599731445312,1018.0,1016.7560424804688,18200
2019-06-17,1020.0,1023.6799926757812,1009.8800048828124,1009.8800048828124,1008.64599609375,10700
2019-06-18,1018.0,1019.5999755859376,1011.989990234375,1016.8300170898438,1015.5875244140624,11000
2019-06-19,1017.0,1023.0,1016.0,1019.030029296875,1017.7848510742188,18300
2019-06-20,1020.0,1028.0,1010.510009765625,1023.010009765625,1021.7599487304688,34100
2019-06-21,1022.510009765625,1033.1700439453123,1018.0,1022.8900146484376,1021.6400756835938,46300
2019-06-24,1024.5899658203123,1052.1700439453123,1024.5899658203123,1030.4100341796877,1029.15087890625,41200
2019-06-25,1035.0,1048.3499755859377,1032.719970703125,1038.199951171875,1036.9312744140623,30300
2019-06-26,1042.300048828125,1046.760009765625,1026.0,1026.5,1025.24560546875,18900
2019-06-27,1025.4200439453123,1025.4200439453123,1003.6199951171876,1015.9000244140624,1014.6586303710938,16400
2019-06-28,1022.969970703125,1035.0,1020.6900024414062,1021.4600219726562,1020.2118530273438,26700
2019-07-01,1031.260009765625,1044.0799560546877,1028.5400390625,1041.0,1039.7279052734377,14600
2019-07-02,1046.050048828125,1059.6600341796877,1038.2900390625,1059.6600341796877,1058.365234375,23600
2019-07-03,1061.0999755859377,1065.0400390625,1052.199951171875,1052.199951171875,1050.9141845703123,25200
2019-07-05,1056.800048828125,1061.969970703125,1044.030029296875,1059.5,1058.205322265625,15800
2019-07-08,1060.8900146484377,1063.0,1040.1400146484377,1046.5,1045.22119140625,20500
2019-07-09,1047.9000244140623,1055.800048828125,1040.0999755859377,1049.699951171875,1048.417236328125,14300
2019-07-10,1044.1600341796877,1053.489990234375,1040.1600341796877,1047.969970703125,1046.689453125,13800
2019-07-11,1044.300048828125,1051.969970703125,1038.1700439453123,1043.9000244140623,1042.6243896484377,26100
2019-07-12,1044.31005859375,1047.969970703125,1037.550048828125,1044.0,1042.7242431640623,12300
2019-07-15,1039.18994140625,1045.27001953125,1039.18994140625,1043.510009765625,1042.23486328125,6600
2019-07-16,1043.949951171875,1048.06005859375,1031.969970703125,1038.6099853515623,1037.3408203125,25300
2019-07-17,1037.0,1046.6500244140623,1036.9599609375,1042.199951171875,1040.9263916015623,13800
2019-07-18,1042.010009765625,1056.5999755859377,1036.0999755859377,1051.4300537109377,1050.145263671875,22300
2019-07-19,1052.1500244140623,1060.0,1042.1099853515623,1043.0,1041.7254638671877,12400
2019-07-22,1050.9300537109377,1050.9300537109377,1033.239990234375,1036.449951171875,1035.1834716796877,10100
2019-07-23,1037.8900146484377,1040.280029296875,1025.25,1038.3900146484377,1037.12109375,8100
2019-07-24,1034.449951171875,1050.280029296875,1033.1400146484377,1050.280029296875,1048.99658203125,13000
2019-07-25,1048.6600341796877,1068.97998046875,1048.6600341796877,1063.2099609375,1061.9107666015623,12100
2019-07-26,1063.25,1074.4599609375,1062.0,1067.3900146484377,1066.085693359375,12000
2019-07-29,1067.199951171875,1075.5699462890623,1059.699951171875,1059.699951171875,1058.405029296875,11000
2019-07-30,1064.0,1074.6099853515623,1060.0,1071.0,1069.6912841796877,12800
2019-07-31,1073.800048828125,1080.81005859375,1071.22998046875,1076.0,1074.6851806640623,19100
2019-08-01,1075.0,1079.760009765625,1068.2900390625,1074.0799560546877,1072.7674560546877,23300
2019-08-02,1073.68994140625,1078.56005859375,1071.0999755859377,1076.5699462890623,1075.25439453125,12000
2019-08-05,1069.5899658203123,1069.5899658203123,1052.949951171875,1065.0,1063.6986083984377,7900
2019-08-06,1055.050048828125,1071.68994140625,1055.050048828125,1071.3499755859377,1070.0408935546877,10900
2019-08-07,1068.31005859375,1082.9200439453123,1058.0,1082.9200439453123,1081.5968017578123,11600
2019-08-08,1088.1500244140623,1098.489990234375,1085.4200439453123,1085.4200439453123,1084.09375,13700
2019-08-09,1075.989990234375,1104.1400146484377,1075.989990234375,1093.9100341796877,1092.5733642578123,17600
2019-08-12,1092.199951171875,1094.800048828125,1077.47998046875,1086.969970703125,1085.6417236328123,20200
2019-08-13,1090.0,1096.5,1089.0,1090.3699951171877,1089.03759765625,11300
2019-08-14,1079.77001953125,1089.9300537109377,1057.739990234375,1065.969970703125,1064.6673583984377,26800
2019-08-15,1066.300048828125,1068.800048828125,1038.780029296875,1066.1199951171877,1064.8172607421877,23100
2019-08-16,1064.0,1083.199951171875,1064.0,1078.9000244140623,1077.5816650390623,15500
2019-08-19,1083.8699951171877,1092.3900146484377,1078.0,1089.0,1087.6693115234377,18700
2019-08-20,1087.4200439453123,1093.9000244140623,1075.0,1076.43994140625,1075.1246337890623,25400
2019-08-21,1077.489990234375,1080.0,1067.6199951171877,1074.0,1072.6876220703123,20700
2019-08-22,1073.0,1090.219970703125,1064.06005859375,1080.0,1078.6802978515623,15400
2019-08-23,1076.72998046875,1084.4300537109377,1061.0,1061.0,1059.7034912109377,18200
2019-08-26,1064.0,1076.1700439453123,1057.699951171875,1069.5999755859377,1068.29296875,19500
2019-08-27,1070.7099609375,1072.5999755859377,1051.5,1052.5,1051.2138671875,24600
2019-08-28,1050.739990234375,1057.699951171875,1044.8299560546877,1047.8900146484377,1046.6094970703123,17600
2019-08-29,1050.9000244140623,1064.18994140625,1050.9000244140623,1054.199951171875,1052.9117431640623,28200
2019-08-30,1056.0,1064.449951171875,1048.0,1060.699951171875,1059.40380859375,15800
2019-09-03,1058.699951171875,1072.1800537109377,1058.699951171875,1061.43994140625,1060.1429443359377,19000
2019-09-04,1067.1700439453123,1077.75,1065.0999755859377,1077.75,1076.4329833984377,18400
2019-09-05,1084.800048828125,1086.43994140625,1071.4300537109377,1076.6600341796877,1075.3443603515623,32400
2019-09-06,1082.9000244140623,1082.9000244140623,1069.0,1073.010009765625,1071.6988525390623,27900
2019-09-09,1074.5999755859377,1075.31005859375,1064.1400146484377,1073.0799560546877,1071.7686767578123,10800
2019-09-10,1066.010009765625,1083.219970703125,1062.2099609375,1076.2099609375,1074.8948974609377,24400
2019-09-11,1076.2900390625,1082.5799560546877,1066.239990234375,1078.6199951171877,1077.302001953125,16000
2019-09-12,1076.3599853515623,1083.0,1061.0699462890623,1067.969970703125,1066.6649169921877,21300
2019-09-13,1067.8399658203123,1081.0,1067.8399658203123,1070.9599609375,1069.6512451171877,25800
2019-09-16,1070.0,1075.0,1066.4200439453123,1071.8800048828123,1070.5701904296877,9600
2019-09-17,1073.699951171875,1086.9000244140623,1072.1099853515623,1082.300048828125,1080.9775390625,24500
2019-09-18,1080.6800537109377,1091.489990234375,1079.800048828125,1088.0,1086.6705322265623,25100
2019-09-19,1090.0400390625,1095.0,1084.7099609375,1085.0,1083.6741943359377,16500
2019-09-20,1085.0,1091.5799560546877,1070.3499755859377,1075.300048828125,1073.986083984375,42400
2019-09-23,1074.0,1088.0,1074.0,1078.9000244140623,1077.5816650390623,17100
2019-09-24,1079.800048828125,1087.0799560546877,1074.199951171875,1084.5,1083.1748046875,22100
2019-09-25,1084.4100341796877,1091.9000244140623,1084.4100341796877,1084.8800048828123,1083.5543212890623,20500
2019-09-26,1086.0899658203123,1086.0899658203123,1072.3399658203123,1077.5999755859377,1076.283203125,24900
2019-09-27,1075.0,1075.0,1065.0,1068.9000244140623,1067.5938720703123,27200
2019-09-30,1069.9000244140623,1081.699951171875,1067.9200439453123,1080.0,1078.6802978515623,25200
2019-10-01,1080.8499755859377,1086.6500244140623,1072.56005859375,1072.56005859375,1071.2493896484377,21600
2019-10-02,1057.1700439453123,1074.0,1057.1700439453123,1068.8499755859377,1067.5439453125,26400
2019-10-03,1069.81005859375,1075.0,1067.050048828125,1072.300048828125,1070.98974609375,35800
2019-10-04,1072.8800048828123,1089.949951171875,1072.8800048828123,1086.3900146484377,1085.0625,20600
2019-10-07,1084.3599853515623,1086.5,1076.7900390625,1077.300048828125,1075.983642578125,26200
2019-10-08,1074.8499755859377,1075.0,1063.52001953125,1064.5,1063.19921875,25800
2019-10-09,1068.0,1076.5,1064.0,1070.02001953125,1068.7125244140623,27300
2019-10-10,1069.989990234375,1080.9000244140623,1069.989990234375,1074.989990234375,1073.6763916015623,18600
2019-10-11,1081.800048828125,1086.0699462890623,1067.8299560546877,1072.5,1071.189453125,21000
2019-10-14,1072.52001953125,1072.52001953125,1065.6500244140623,1067.0,1065.6961669921877,12800
2019-10-15,1061.719970703125,1074.97998046875,1056.3599853515623,1067.800048828125,1066.4952392578123,14600
2019-10-16,1072.6199951171877,1074.8499755859377,1065.010009765625,1074.050048828125,1072.737548828125,13100
2019-10-17,1075.43994140625,1094.0999755859377,1075.43994140625,1083.0400390625,1081.716552734375,14700
2019-10-18,1087.6400146484377,1088.25,1082.4000244140623,1087.3399658203123,1086.01123046875,15600
2019-10-21,1091.5899658203123,1094.3900146484377,1088.8199462890623,1089.010009765625,1087.6793212890623,13500
2019-10-22,1090.699951171875,1098.0,1068.52001953125,1070.31005859375,1069.002197265625,22600
2019-10-23,1071.010009765625,1076.0,1068.6800537109377,1075.6700439453123,1074.3555908203123,27100
2019-10-24,1077.0,1086.300048828125,1076.0999755859377,1083.9000244140623,1082.5755615234377,13900
2019-10-25,1085.02001953125,1085.02001953125,1073.510009765625,1074.6199951171877,1073.306884765625,10800
2019-10-28,1078.4000244140623,1083.0,1057.469970703125,1058.4200439453123,1057.126708984375,17700
2019-10-29,1054.0,1069.449951171875,1054.0,1067.739990234375,1066.435302734375,12100
2019-10-30,1065.550048828125,1068.0,1060.1600341796877,1060.3699951171877,1059.07421875,10300
2019-10-31,1058.010009765625,1072.050048828125,1058.010009765625,1071.0,1069.6912841796877,11700
2019-11-01,1073.050048828125,1081.9200439453123,1068.699951171875,1075.8499755859377,1074.5352783203123,12500
2019-11-04,1076.31005859375,1082.239990234375,1074.0699462890623,1080.5,1079.1796875,11100
2019-11-05,1083.6700439453123,1090.3399658203123,1081.8699951171877,1081.8699951171877,1080.5479736328123,9600
2019-11-06,1083.199951171875,1093.3499755859377,1083.199951171875,1087.800048828125,1086.4708251953123,6900
2019-11-07,1091.1300048828123,1103.22998046875,1088.3499755859377,1090.5699462890623,1089.2373046875,14000
2019-11-08,1098.010009765625,1099.6800537109377,1095.1600341796877,1099.6800537109377,1098.3363037109377,5300
2019-11-11,1099.02001953125,1103.0,1097.699951171875,1100.5799560546877,1099.235107421875,9500
2019-11-12,1102.780029296875,1102.780029296875,1096.6199951171877,1096.800048828125,1095.4598388671877,6600
2019-11-13,1096.25,1103.800048828125,1095.6400146484377,1099.0,1097.6571044921877,8500
2019-11-14,1097.9100341796877,1108.449951171875,1097.9100341796877,1108.449951171875,1107.095458984375,8200
2019-11-15,1109.0,1110.0,1087.0,1087.0,1085.6717529296877,11200
2019-11-18,1084.8599853515623,1088.530029296875,1076.300048828125,1083.469970703125,1082.14599609375,11600
2019-11-19,1084.47998046875,1099.0,1080.4599609375,1084.7900390625,1083.4644775390623,12600
2019-11-20,1085.5999755859377,1103.31005859375,1085.5999755859377,1096.7099609375,1095.369873046875,17000
2019-11-21,1098.0,1098.0,1094.02001953125,1097.0,1095.6595458984377,8000
2019-11-22,1089.969970703125,1091.8299560546877,1082.4599609375,1082.4599609375,1081.13720703125,6800
2019-11-25,1086.1099853515623,1086.1099853515623,1074.469970703125,1082.6800537109377,1081.3570556640623,10400
2019-11-26,1083.18994140625,1091.280029296875,1078.050048828125,1091.280029296875,1089.946533203125,14100
2019-11-27,1093.5799560546877,1109.0999755859377,1093.199951171875,1108.0,1106.6461181640623,8200
2019-11-29,1110.06005859375,1112.06005859375,1106.9200439453123,1106.9200439453123,1105.5673828125,2900
2019-12-02,1109.800048828125,1114.9000244140623,1102.030029296875,1102.25,1100.903076171875,9500
2019-12-03,1097.199951171875,1098.31005859375,1086.4000244140623,1097.8900146484377,1096.5484619140623,5800
2019-12-04,1097.0,1099.280029296875,1082.8800048828123,1082.8800048828123,1081.5567626953123,7300
2019-12-05,1084.5999755859377,1099.02001953125,1083.9300537109377,1094.9000244140623,1093.5621337890623,6800
2019-12-06,1095.0,1104.0,1095.0,1099.0999755859377,1097.7569580078123,7500
2019-12-09,1097.300048828125,1102.5,1097.300048828125,1102.4200439453123,1101.0728759765623,5000
2019-12-10,1101.0,1114.8800048828123,1097.9599609375,1111.68994140625,1110.33154296875,8800
2019-12-11,1111.800048828125,1112.5,1106.5999755859377,1109.800048828125,1108.4439697265623,7700
2019-12-12,1110.0,1113.949951171875,1096.02001953125,1098.0,1096.6583251953123,11500
2019-12-13,1100.010009765625,1111.8199462890623,1096.760009765625,1111.8199462890623,1110.4613037109377,11800
2019-12-16,1112.800048828125,1118.8900146484377,1112.800048828125,1115.6199951171877,1114.2567138671877,8400
2019-12-17,1115.530029296875,1129.1099853515625,1114.43994140625,1129.1099853515625,1127.730224609375,11100
2019-12-18,1131.5,1131.5,1110.9300537109377,1119.22998046875,1117.8623046875,14700
2019-12-19,1118.27001953125,1119.3599853515623,1114.97998046875,1116.8299560546877,1115.4652099609377,9800
2019-12-20,1118.0899658203123,1126.0,1112.1700439453123,1117.199951171875,1115.8348388671877,15600
2019-12-23,1119.9300537109377,1126.5400390625,1110.0,1113.0,1111.6400146484377,8100
2019-12-24,1114.9000244140623,1119.0,1114.0,1119.0,1117.6326904296877,3300
2019-12-26,1124.5,1124.5,1105.4200439453123,1105.4200439453123,1104.0692138671877,6900
2019-12-27,1110.0,1114.0,1084.5,1098.02001953125,1096.6783447265623,13600
2019-12-30,1095.0999755859377,1119.18994140625,1095.0999755859377,1118.43994140625,1117.0732421875,8000
2019-12-31,1117.0,1119.780029296875,1111.31005859375,1115.510009765625,1114.1468505859377,8300
2020-01-02,1118.1500244140623,1122.9000244140623,1114.56005859375,1122.9000244140623,1121.52783203125,10800
2020-01-03,1118.8299560546877,1120.68994140625,1113.4599609375,1120.68994140625,1119.320556640625,9900
2020-01-06,1116.9000244140623,1123.6199951171877,1113.9300537109377,1120.25,1118.881103515625,8100
2020-01-07,1119.9000244140623,1119.9000244140623,1111.2099609375,1112.1199951171877,1110.760986328125,7200
2020-01-08,1113.6800537109377,1115.8800048828123,1110.43994140625,1115.56005859375,1114.1968994140623,6300
2020-01-09,1115.800048828125,1115.800048828125,1105.4300537109377,1109.199951171875,1107.8446044921877,7400
2020-01-10,1109.25,1111.9599609375,1105.2900390625,1108.010009765625,1106.6561279296877,6900
2020-01-13,1111.02001953125,1113.9000244140623,1090.219970703125,1103.93994140625,1102.5909423828123,14200
2020-01-14,1100.0,1100.8299560546877,1094.47998046875,1099.6400146484377,1098.2962646484377,11200
2020-01-15,1097.4100341796877,1104.0,1086.47998046875,1100.1300048828123,1098.78564453125,14500
2020-01-16,1102.0,1119.219970703125,1098.5999755859377,1104.3199462890623,1102.970458984375,9000
2020-01-17,1106.7099609375,1115.0,1103.5799560546877,1108.1300048828123,1106.77587890625,8900
2020-01-21,1109.0,1119.9000244140623,1109.0,1112.4599609375,1111.1005859375,7200
2020-01-22,1114.5,1114.989990234375,1107.6300048828123,1114.75,1113.3878173828123,5900
2020-01-23,1113.0999755859377,1118.199951171875,1107.6400146484377,1107.6400146484377,1106.2864990234377,11600
2020-01-24,1109.3499755859377,1124.3399658203123,1100.0,1104.800048828125,1103.4500732421877,9300
2020-01-27,1097.5699462890623,1100.8800048828123,1091.800048828125,1098.6400146484377,1097.2974853515623,6600
2020-01-28,1102.3800048828123,1111.1600341796877,1102.1099853515623,1107.010009765625,1105.6573486328123,12700
2020-01-29,1110.530029296875,1118.3699951171877,1110.530029296875,1111.010009765625,1109.6524658203123,8300
2020-01-30,1109.9000244140623,1123.6099853515623,1103.5400390625,1123.6099853515623,1122.2369384765623,8800
2020-01-31,1120.5,1123.5,1111.81005859375,1117.219970703125,1115.854736328125,16700
2020-02-03,1120.010009765625,1135.75,1120.010009765625,1130.6800537109375,1129.2984619140625,11100
2020-02-04,1138.81005859375,1153.25,1138.81005859375,1146.010009765625,1144.609619140625,14000
2020-02-05,1153.9000244140625,1163.0,1130.5,1163.0,1161.578857421875,6300
2020-02-06,1162.9200439453125,1168.2099609375,1150.0,1151.5799560546875,1150.1727294921875,13100
2020-02-07,1150.8499755859375,1155.0,1148.7099609375,1148.7099609375,1147.3062744140625,3700
2020-02-10,1149.7099609375,1154.8499755859375,1144.300048828125,1154.8499755859375,1153.4388427734375,6600
2020-02-11,1156.0999755859375,1164.52001953125,1154.1500244140625,1164.52001953125,1163.0970458984375,8500
2020-02-12,1166.449951171875,1167.5799560546875,1143.199951171875,1143.199951171875,1141.802978515625,7500
2020-02-13,1139.9000244140625,1144.5,1122.5400390625,1142.030029296875,1140.634521484375,10200
2020-02-14,1142.0,1157.3800048828125,1142.0,1148.22998046875,1146.826904296875,8000
2020-02-18,1148.2900390625,1154.93994140625,1146.0,1146.0,1144.599609375,6300
2020-02-19,1148.800048828125,1156.1600341796875,1146.68994140625,1149.199951171875,1147.795654296875,6000
2020-02-20,1136.0999755859375,1153.0,1135.5699462890625,1145.0,1143.600830078125,7600
2020-02-21,1142.0,1146.9599609375,1136.989990234375,1142.06005859375,1140.66455078125,8700
2020-02-24,1130.52001953125,1130.52001953125,1123.030029296875,1127.4100341796875,1126.0323486328125,9400
2020-02-25,1123.010009765625,1123.010009765625,1104.010009765625,1108.8399658203123,1107.4849853515623,12700
2020-02-26,1113.8299560546877,1129.9599609375,1103.06005859375,1107.050048828125,1105.697265625,8500
2020-02-27,1095.739990234375,1095.739990234375,1071.93994140625,1071.93994140625,1070.630126953125,13300
2020-02-28,1055.0899658203123,1055.0899658203123,988.3599853515624,990.0999755859376,988.89013671875,24900
2020-03-02,992.3099975585938,1008.9099731445312,985.0,1006.0,1004.7706909179688,20900
2020-03-03,1007.5,1007.5,989.52001953125,1000.0,998.7780151367188,9400
2020-03-04,1009.9500122070312,1064.4300537109377,1008.27001953125,1054.6700439453123,1053.3812255859377,14800
2020-03-05,1042.0,1061.22998046875,1033.699951171875,1061.22998046875,1059.9332275390623,11100
2020-03-06,1041.5,1048.449951171875,1006.5599975585938,1011.1500244140624,1009.9144287109376,14000
2020-03-09,967.8699951171876,967.8699951171876,939.5700073242188,958.8699951171876,957.6983032226562,14900
2020-03-10,961.1099853515624,967.4000244140624,928.4299926757812,956.7999877929688,955.6307983398438,21400
2020-03-11,937.97998046875,947.0,912.6699829101562,912.6699829101562,911.5547485351562,24400
2020-03-12,865.5,885.77001953125,814.280029296875,818.3599853515625,817.3599853515625,31700
2020-03-13,850.0,861.0,820.0,836.1500244140625,836.1500244140625,31000
2020-03-16,769.7100219726562,818.1199951171875,769.7100219726562,804.1300048828125,804.1300048828125,39000
2020-03-17,817.3499755859375,833.0999755859375,782.010009765625,787.010009765625,787.010009765625,47400
2020-03-18,753.6900024414062,770.0,629.2100219726562,696.0399780273438,696.0399780273438,47300
2020-03-19,692.7100219726562,780.260009765625,660.47998046875,719.02001953125,719.02001953125,29700
2020-03-20,724.969970703125,771.0,647.5399780273438,702.9199829101562,702.9199829101562,56200
2020-03-23,704.9400024414062,747.4500122070312,665.0,706.8800048828125,706.8800048828125,41900
2020-03-24,707.4000244140625,841.280029296875,703.239990234375,824.75,824.75,39100
2020-03-25,829.9299926757812,900.0,807.02001953125,840.0,840.0,41300
2020-03-26,844.760009765625,964.760009765625,840.0,949.9400024414062,949.9400024414062,31400
2020-03-27,911.5399780273438,933.9500122070312,900.0,905.8599853515624,905.8599853515624,36700
2020-03-30,908.7899780273438,928.8300170898438,900.0,907.7899780273438,907.7899780273438,28600
2020-03-31,893.1199951171875,923.8800048828124,893.1199951171875,910.0,910.0,19200
2020-04-01,900.0,909.989990234375,890.0,893.1400146484375,893.1400146484375,26400
